-0.03385311832739087
0.3396060827041909
0.7952483030235278
0.3755977813537626
0.006455145359172623
-0.1467321318538129
-0.46802136457254606
-0.10242847463932485
-0.12227054244884872
-0.631472207447681
-0.27512082312969005
0.06373988437163328
0.1650380434085752
-0.20873610299601197
0.02263243791680564
-0.024661133583504732
0.15680505892345795
0.03180091697276394
-0.21437605607314975
0.060585419059196316
-0.04090087241601213
0.33597164361760146
-0.43523512597853586
-0.23804669472863277
-0.1645258243176197
-0.1151788029673776
0.022771854964947873
0.3374279859176362
0.13927777812577322
0.06747179541079051
0.14543733079468915
-0.4686222739534186
-0.1947792650372392
-0.21117181953314182
0.0035587142419505127
-0.03240701751613016
0.6737309033084835
-0.03369947914585032
0.20138667959109102
0.6837454864884437
-0.37426828836207326
0.09632844428545712
-0.35865463957966015
-0.2594115061224072
-0.07793076006737502
-0.10606088296029814
0.7685011286385867
-0.5150484995885093
0.48690987057988744
-0.28103327796900857
0.24139391592088022
-0.26723360536796265
0.02516551144250073
-0.05099635998833408
0.10714653859827072
-0.3203627751228898
-0.24437077955988493
0.5523363128566153
-0.03998117129417034
0.22329731122234814
-0.20639003967962993
-0.09169168193603815
0.0043524072728524585
-0.6901110356117262
0.026445359747998574
0.06346736924166974
0.32948060680155306
0.05883909749820526
0.045398906473977534
-0.23320810690752894
-0.06560042298583307
0.020523584446355565
-0.5491253773935367
-0.3042394406687865
0.07200075830157955
-0.050526939790870584
-0.3608838594607759
0.241247820103594
0.2508441334320729
0.23634353743202774
0.07297815806157024
0.2630813561883952
0.2741912519624226
0.0289701276368523
0.21529492426230645
0.05385606657255017
-0.2814436412675444
-0.2744482127745918
-0.12229626999192168
-0.058459123248081564
0.13548543293413556
0.0668582993909216
0.024539347646692876
0.0575218082419721
0.08428336969773945
0.04786285679236086
-0.012898438347993637
-0.0392510311957167
-0.10545753456272415
0.18147952652780647
0.38482516648622633
0.33935224689747845
0.3643648995551789
0.10725374425247505
0.025461594222019844
-0.16236343319313376
-0.39248815298982553
-0.09932712588527215
0.39588231516474853
0.07595812138154463
-0.8172667380025442
0.07605785694769426
0.6084809121690764
-0.10680429787829326
0.0015254173504271017
-0.04382144929434851
-0.10033131097410944
0.23053977127472003
0.14053474537340896
0.08724570289419593
0.07136050184476021
0.11379724481868682
0.10479296989397938
-0.09940780113999495
-0.031757893639740985
-0.11428056570659402
0.26626021298563013
-0.19624749467730648
-0.31445819206197523
-0.08829346384882243
0.06912331345765024
-0.004157772020882361
0.02978083018512429
-0.15294822390173124
-0.0953341468201159
0.26842037098300625
0.2604803232504734
0.2903059295600851
0.08021832485680142
0.27784641041099817
-0.3888899933769327
-0.14813122646653806
0.055676745271836366
-0.07490865721586656
0.34737601208522856
0.43381928091027344
-0.4813559357044927
-0.6938521066410045
0.2594227375489997
-0.005463062190459521
-0.017123940196222154
0.09030706371617937
-0.06119966408208635
0.6045560154197337
-0.28307551550345117
-0.0933487050685693
0.129356146563404
-0.21205409519693336
-0.18635783284830904
-0.13895811094688756
0.21480642077742348
-0.015104221719817177
0.13405981623866323
0.11044623428102622
0.08728256031985719
0.09914875812180306
0.20089589525059096
0.09268017784857563
-0.09578030701836991
-0.08234701708891864
-0.07262043058641712
0.20566902077169516
0.290425611549526
-0.1617858591650156
0.15132685516211705
0.32470697562343487
0.179540777657829
-0.33713406429562415
-0.24368956638149863
-0.042536448824666805
-0.14536691086088
-0.23272467448785458
-0.5338016173603127
0.004798718109801614
0.15629883253348656
0.274183136589149
0.17441661783010676
-0.021667484304920746
-0.04452534264868702
0.1599025892573814
-0.08862646023267755
-0.08162289294926037
0.18387375636434167
0.27727078931609245
0.23460805383840289
-0.41983835946862824
-0.3814426949336466
-0.08372060657619687
0.35302619162893606
0.11654209261621358
0.07172663605794219
0.09199165339683772
0.13106701968498455
0.11462609289180076
-0.06265939873070749
-0.09984007645677717
-0.07260320404625317
0.2924371942641094
0.1998833440971129
-0.5075758955508903
-0.2540354322698138
0.0510089585107594
-0.0709272597767836
-0.12357684230405494
-0.10966387282134524
0.049919462602338746
0.191284604182824
0.5970184378589085
0.11416385597259016
0.16932412983650205
0.02600117492304795
-0.3121400772284325
-0.2577619395391111
-0.07104285297446875
-0.04398925827559873
0.4944602718862887
0.25254921284705645
0.017743885561215807
0.10926611843963265
-0.04838881341595269
0.08395709627542187
0.07237266550543668
-0.15010754347667596
-0.07858643321609558
0.04158925410820474
-0.21721526376419026
-0.21241060745337162
0.26638185820885973
0.07030058343506009
-0.024250135093446264
-0.549258551396803
-0.23710970146413773
0.08074973660817619
0.46363676194384457
-0.045151278191026954
-0.13994542892028305
0.02561913625292594
0.05014068177013892
0.19556174215778466
0.21961934379451356
-0.7571734654570204
-0.016911333976646677
0.8173730686679197
-0.17642079896996546
0.07160220442806814
0.07851370997614586
0.006873977357729547
1.0819691370735163E-4
-0.07721139785298145
-0.6189838934254406
-0.02548363003925518
-0.7277162564676306
0.12056020705232547
0.781067553121151
0.01497983829209626
0.35601293973064874
0.45838478814099554
-0.03823947580513898
-0.38959501584373746
-0.10759338031152904
0.5951188463859505
-0.49690894173875644
0.5698072043981657
-0.25475064326245594
-0.048979805199543834
-0.1033234571149207
-0.4435147555551024
-0.5604537035392199
0.027829527385377143
0.2020008028147799
0.27986848509933415
0.020395625027790965
0.3112611246905066
0.16671487069173738
-0.1126740112193045
-0.13475452615254058
-0.22596038965979362
-0.021087624888798576
-0.04075187032275634
0.041766133575185965
0.11984584561228544
0.0888254998977751
-0.05808865524921939
-0.1475927476358787
-0.23533604122003193
-0.5451421050683601
0.010895950527826655
0.730828440308428
0.13415514863613998
-0.09721372733217758
0.1698156148485694
0.11052681511637417
-0.23490599005959456
-0.06464040087975934
-0.363094682315476
0.036875061840780265
0.6915545327742542
0.35352149449187203
0.30112620758402986
0.03403502418647449
0.18787836925661827
-0.2408059234250649
-0.627169443419472
-0.8929450458168422
0.011854015125360447
0.27637082471910024
-0.4703514201407607
-0.08207525931516475
0.09361513311927255
0.4900590885882356
0.20023088278229784
-0.4918537257298284
-0.6127443875021271
0.06654248935450821
-0.7502516097313048
0.03408731276531114
0.0851917656569212
-0.10506856909238511
0.24976611095536752
-0.12744302024710102
-0.16068630384706167
-0.2194610384243069
0.09037019788903113
-0.3688607846789063
-0.030186282939462662
0.3225688020184587
-0.10749356103404493
0.28170571910680303
0.12369258023138972
-0.31731935972210085
-0.39335473985939656
0.06459511017995698
0.03647952197425615
0.21354942346386518
0.057802619201277626
0.09714523138071506
0.11680646799805808
-0.07620984874573844
-0.03552049068576688
-0.5842097830421741
-0.006758511830124153
0.6984183257005053
-0.12102862399212146
-0.5156014375581366
-0.534378993306799
0.06421458746413565
0.49991823482215114
0.09172784097949867
-0.13016233065703514
-0.02088214400871874
0.1570748934442462
0.2224588968444315
0.05094213295204016
-0.4735976236166034
0.16858889103471927
-0.0569477126393194
0.07749237069046389
-0.09548398168366724
0.024392051683670545
-0.4024586766440882
-0.5478076830867484
-0.1888603845437955
-0.5513819527132219
0.10589237421562914
0.1426273856841222
0.11525863587292018
0.523157420342766
0.05598132132965809
0.09325665433603413
-0.25070807128348194
0.08809915864535567
-0.4727931667731384
0.1266081822815999
0.0567363748641938
0.12212694624112204
-0.13498933687859935
0.03635230803773808
-0.15358283445282192
-0.32001368098253413
-0.15611918095656444
-0.3249335049737143
0.02526335568637688
0.11209265464903329
0.1389574620495712
0.34301461653342724
0.044469946402050826
0.049238879915176136
-0.06018406011629122
0.16278950377221302
-0.3946611686853928
0.28279674112410824
0.01531264257573486
-0.0047495514502623945
0.04990713754861749
0.041419822191600675
0.15864036012902585
0.2548506556657642
0.2390578527777897
0.004012746882584876
0.0052896523920285595
0.002157438174959269
0.02468958274705202
-0.3832108294768766
-0.02625625849491901
-0.8607484375492501
-0.08793424651768754
0.8997580070686848
7.123942049046622E-4
-0.11069936457379231
-0.054876885640856465
-0.21668550736273165
-0.1092195491712766
0.08486820326098689
0.26302032197246195
0.28895309730388535
0.38554398020758673
-0.04147858323046267
0.39779673346812616
-0.17290533758233806
-0.25965208525663125
-0.14076314185044062
-0.05914469183457906
0.20177747314421224
0.21167596116875378
0.3072064799878206
0.17664077706063777
0.299378657176993
-0.09273607723826319
-0.27009111211100295
-0.17121628215204154
-0.055740902967690485
-0.25537977236659765
0.36402213146972245
-0.03626126592690565
-0.43247973077212193
-0.38404357569099595
-0.1220117877206586
-0.29167224516346585
0.12565127913021218
0.029865927557035585
-0.6065829410907763
-0.06885661296809334
-0.032333251559059785
-0.24625683394404027
0.23753209163554875
0.06966602104703076
-0.07851072955623552
-0.04998831565310328
0.053551808697324274
0.6556254796139053
-0.2416626817144798
-0.008678849981469327
-0.12280338527319479
-0.02131846653804362
0.2240625003565193
-0.0032373983253891083
0.1399368802923275
0.05284907384517924
0.271336002240299
-0.17482042666974418
-0.003209351270074132
-0.5257950119898682
0.3396086215635292
0.07517963057656166
0.009768795535888747
-0.2467288259168928
0.061514699003358035
-0.18067130667192874
-0.19987293114054225
0.019943145605381355
-0.27004311157744193
0.2809213210516619
0.32491319747298697
0.199947849803632
-0.026491277935567582
0.03790937339841398
-0.04381457326140338
0.14711189834534605
0.11819387090475908
-0.5243394387246043
0.32233295981141935
-0.005241868803324472
-0.23240105575909836
0.009394728591664129
-9.127466687300032E-4
-0.3272833069358071
-0.07095493959413453
-0.0510240970320295
-0.15786502184001452
0.12323977205855452
0.003921743331788359
-0.028211475243838616
0.04290819189931391
0.04143777971008955
-0.014080221234685053
-0.13033775469017644
0.6015088800906763
-0.30498699471729246
-0.32370103172684467
0.11378442380564718
0.058188443732088035
-0.06521688756304025
0.022766248188358405
0.5998495688727262
0.5452337772045222
-0.16736107318043586
-0.7663891503088102
0.00932828908228627
-0.09338647209643744
-0.055803370450270666
-0.19847435053996132
0.03095672177012078
-0.11374221302272555
0.16952621258799416
0.09358977416096151
-0.14418709072794436
-0.2384291838176893
0.045903876553482874
-0.08866713623086389
0.2521635598546009
0.04034630907854092
0.2750167233114215
-0.04292756519254165
-0.2017686263549212
-0.29371870956070883
-0.09066608124512018
0.1644464380017836
0.08271389452496342
0.42054437964200336
0.0027940825674822763
0.6911655842127005
-0.18985763775896303
0.14085518064934532
-0.20731973097196058
0.12556763061029982
0.10052316718629291
-0.027494134197188144
0.3415715879474316
-0.007118959417081789
0.10263402928902353
-0.008479824049323062
-0.09821212036702048
-0.06896316564811637
0.03565864921558566
0.21838360072700216
0.21435757412217013
-0.035610287974966
0.022481151695511018
-0.7899045585345413
0.16582246634555423
0.2121500967421135
-0.2504557902367332
-0.14231918403422203
-0.002829352668353657
-0.001151893521247932
0.24392921795445058
0.009917792364157522
-0.5309651380205263
0.04158901161378568
-0.17728232382618886
-0.13968681131265293
0.12621493680606574
-0.03853457457605566
-0.005842841267251334
0.05141704732752374
0.0468978293616807
0.17022363113502972
0.14250217632545287
0.2110659653997754
-0.25190695195119994
-0.23935953814989902
-0.21097790282383325
0.10243670530816015
-0.05409313088145168
0.04500902366233913
0.04708238401218945
0.2362528675412182
0.09985799592862611
-0.5096807142142917
-0.11828577519546021
0.014617072359259917
0.19357462849365806
0.47009688015889634
0.03214908292695792
-0.6866844069374373
0.3124890328770929
0.040106792795695595
-0.45025500937834523
0.13518215291933114
0.14260270100020497
-0.17013660779957493
0.1482183436118777
0.026989120869125298
-0.15241522209519054
-0.0024190120324585327
0.09688665814293825
-0.009644425299389279
0.39929291157140256
-0.003937170033428138
0.18481381347817039
0.054048269901464066
-0.09528849790187749
0.5935629967402553
-0.23873223548319547
0.07878506074922602
-0.03142968676015175
-0.04842165282122571
-0.2133111717693568
-0.058674486933286515
0.0316398363057033
-0.016031958529292966
-0.07682542169314137
-0.05106039198178294
0.1098047176746844
-0.32042639933201367
-0.3577701479424622
0.08732578128927568
0.3595466447291905
0.38834950452391165
-0.030074588740806346
0.13725874896734305
-0.21029286317627363
0.6330834115025133
-0.15027607021353032
0.12626111164625142
0.07778620945379075
0.04888675097708817
0.18668915363527036
-0.053184264210738026
-0.38691368629688344
-0.07951103635575077
0.06977861988317119
0.2561281552326052
0.3968934675930718
0.14198561327929113
0.1397175178926817
0.3016160482329857
-0.0638250150873607
-0.68328616103854
-0.047560829169573465
0.49520560784013995
-0.41917272366637753
0.5055448551999407
-0.1188185922448475
0.16943691563914345
0.3467739529943593
-0.0531467071675357
-0.2658133227533299
-0.18593527811319038
-0.19990715953162339
-0.32895049471182924
0.04469968643982278
0.3488303324447103
0.25943468423769206
0.19803047114165323
0.049714372640651074
0.19713494491597905
-0.06878697808179919
-0.21650577784654584
-0.2756406482692666
0.14316638153189348
0.007251603929377953
0.1739905829816028
0.18498676458192548
0.002660218720737085
-0.2891798418350829
0.3390928857037321
0.4369661734311875
-0.23961698678109203
-0.30570884411941696
-0.11998864915098546
-0.14632847884929873
0.15698501986331984
0.05050303227767122
0.5609094927966531
-0.6988178952829698
-0.00740654694885772
-0.2470315568326925
-0.24737019499085844
0.2137600264991189
0.18839776145289144
0.2699169679746604
-0.0062829407887384095
0.0712016749771969
0.07856746974693087
-0.10316652220947578
0.4505622692166941
-0.6323195121792456
0.24969743197332656
-0.23855261391489432
0.3024830859311159
0.005068447636083746
-0.19576513618689212
-0.06655362775481623
-0.20672095517456526
-0.4792664694239331
0.4104989096788285
0.018715116816923106
-0.04605910250239983
0.16678684633027482
0.03768157506632296
-0.0018825900585709588
0.7124232086920852
0.2457013968009124
-0.38350171525985044
-0.5141304561350554
-0.1847913542005762
-0.11500108496950362
0.3782353290867498
-0.023769659250942658
-0.34917732893219644
-0.12280875375408146
-0.19711710831214255
-0.19611219336447194
0.0504927866462515
-0.3530962419228933
0.3630963172881718
0.7211279282965031
0.058146879144143654
-0.3333551045673409
0.1984926073515109
0.5519638496248196
0.18224590840626448
-0.034334800288115086
-0.2936362010641271
-0.01202025110302831
0.0681333696120003
0.03946437980683473
-0.6029965746379715
-0.32421499789934066
-0.12176776270448986
-0.1479113779312359
0.2925083920476985
0.01369240448025356
0.2920871884786086
0.43314324402691884
-0.0476017892999638
-0.1533401388769392
-0.08722430168318532
-0.39458137173014624
-0.33937823343699886
0.2748744711750812
0.33313788698597513
0.2167690985635914
0.7124153763723784
0.001444180200996745
-0.7263183283255155
-0.5980057606558202
-0.34671310978194014
0.0363120504155446
0.00927527686314476
0.27513293405301126
0.6572830908018686
0.7030546826579723
-0.03690851593236591
0.16744093177243882
-0.3491333340923059
-0.1876682533291183
0.06868292744034438
-0.13734457096778852
-0.07065584221244907
0.020342569691152217
0.5116491305377643
-0.020632046353634192
0.35202981981693765
-0.15785003130317335
-0.04169691490836091
-0.4355752681374962
0.37743546139029327
-0.12935583475716475
0.12249528808875408
0.13479879646880527
-0.04013895598532191
-0.0793174167927007
0.16872886287250424
0.13506882176183305
0.03899399450870016
0.5295244026624056
-0.06630934798382813
-0.1672155774781779
-0.08708915784886563
-0.031269922740292666
-0.11869094312704738
-0.061747592237900974
0.023473801580506496
-0.37401381878144613
0.6161306075273616
-0.03254368074698332
0.19742642389033796
0.16142720432785207
0.022879176171260927
-0.09948462583384801
-0.0035694935708917427
-0.02120574446873476
-0.00674803730354236
-0.020116943837750995
-0.11605955879532938
-0.008910392804253698
-0.04541448513665647
0.06641988900416668
-0.5292325791289817
-0.5714270588399475
-0.11301524544734178
0.2851549442619591
0.6892178375381776
0.12479111195165216
0.30769742023111685
0.5250125700018076
-0.01902503547530688
-0.1688119539003296
0.22080090357295104
0.13615725793356487
-0.47790864985087533
0.46726421638888294
-0.2986485215414436
0.17512249765776824
0.3719744192543081
-0.03134914438051175
0.017900185688995363
0.3123339457338614
0.12803707612819112
0.12135072495762761
0.2029876861505393
-0.01437900304911068
-0.0832045171431993
-0.350906040081324
-0.03461705264970555
-0.11260360577779227
-0.06451718966249347
0.08577358860870907
0.04219621894262424
0.6399390700282064
0.06860718376923043
0.00168732462005613
-0.18995673743543182
-0.03809614257111788
-0.2465983567235202
-0.23879283567895176
-0.33690947642697633
-0.13182263341941136
0.32097526437435847
-0.2362783814056726
0.2864238349210725
0.1937658001978841
-0.039006578328008766
0.139169788106731
0.1616362479164681
-0.015210553646173427
-0.03326581608123684
-0.23141992890079435
0.2947657834861632
-0.22124138048893108
-0.4540935496884449
0.00646578292572472
0.3249339580714459
-0.6704735034520657
0.11405649224769066
-0.0736263467561939
-0.015427947339476344
0.12351641418687147
-0.059634851106806386
-0.18203516699148908
0.054882720766326526
0.05000626570840498
0.2891959258648929
0.16897867752061357
0.08986040639960494
0.14474646168835037
-0.05312296894125804
-0.30815035732146395
-0.6594608722999268
-0.0019939172250089325
-0.10970120722821648
0.13717080649908575
-0.22915733210724296
-0.17043034958029024
0.5263146182731173
0.01041944607556749
0.1404422460364334
-0.02675548516819914
-0.04526226684184489
0.42212007798259726
0.01584299161209362
-1.4986030068345741
-0.1968263561052084
0.19559349026960984
-0.22063273961373628
-0.07637961606569907
-0.2898214716953295
0.0710001994935643
-0.35229974253877827
-0.1352329430160757
-0.07333002397605438
0.05881655235544723
0.06895472850303397
-0.08955509878449813
0.018855546680239036
-0.12630301070752614
0.044707579526324384
-0.15720195659196842
-0.5920172086241254
0.16275784268893476
0.09669041147406282
0.6038550278519986
-0.020345185517058505
0.060933169461271586
0.18014859709570513
-0.042943175816426885
-0.1594133702212163
-0.10600522146802466
0.17947377431685035
0.09336833204897375
0.6452987586015784
-0.07461605088754246
0.0746546258970565
-0.07964655048078885
-0.03401003180486903
0.06038358198131884
-0.18417688008024222
-0.2576256031556977
-0.20496372979321856
0.6002266915095229
0.11378540746410996
0.065047341786433
0.03972980624483493
-0.04610308205111207
-0.31948916246817427
-0.13017669082555378
0.1901552660042111
-0.137875905424048
0.6280904513905522
0.032850578527883464
-0.08856598121264728
0.12582807166982382
-0.025753515022117042
-0.020313118672391314
-0.5242975161199926
-0.33743926048490736
-0.41314831920406475
0.47343522638090474
0.3379323654115354
0.4765066680423993
-0.016463352352003684
0.053160562467170026
0.4305388298951033
0.21115698300538707
-0.027883832049084182
-0.532920893212653
-0.0560172248899158
-0.07988589315934433
-0.17885945328042485
-0.1254191478731106
0.04914121759359324
-0.2012565779323465
-0.09756676376132933
-0.04142694541178821
-0.08195188870538678
0.07176399060747861
0.04170860033712076
-0.0730838573768511
-0.08992745763743884
0.06966365840768576
-0.4109749185311432
-0.37488388712514525
-0.4370151012007777
-0.20689659479762915
-0.05119914645255592
-0.059458550776888476
0.2864428658575917
0.398981823715295
0.060975800694746354
-0.05756844844259539
-0.3844808135016317
-0.027852779735321544
-0.33575766086259967
0.16553827253935213
0.07681691650543926
0.2803584143890457
0.14099875596793643
0.05078291727724125
-0.06963390577311153
-0.3813269257014001
0.0466663950140857
-0.5421871510185778
0.21058831671502365
0.14707890515497027
0.37049569424377365
0.25233242983584103
0.05381726060027937
0.26093804309639834
0.24298025754908212
0.12102478190223477
-0.4950235376412894
0.1576634794993617
-0.0724912086169418
-0.24305903797986037
-0.1738033804534958
0.035144669933549234
-0.21690265849651966
-0.17185940918983125
-0.04164078573310918
0.004210884318580521
-0.2275291413705753
-0.02682317892784225
0.1926012486356995
-0.030457439499407237
0.046589539129208324
-0.1156999087908176
-0.035303458767103
0.2077251788968525
-0.07699980260784245
0.045881707403037465
0.16308469459805244
0.24218142762224765
-0.19973547042194037
-0.02251163480455487
1.0647906372532976
0.1775343708697747
0.01759497342498966
-0.2721755251777671
-0.18674069115668476
-0.10628187204461972
-0.01790777157924713
0.09539739289770541
0.00937458299967819
-0.22316492647142921
-0.0451775293572177
0.006402651506495188
-0.0425446659111349
-0.010003842391481542
-0.03787785369704143
-0.020604226705051788
0.006376000399785288
0.06267903116214696
-0.22445404670298996
-0.395781892166679
-0.012053390825949436
-0.12699149597075882
-0.07538715766182394
-0.22533501914917456
-0.01429361433275642
0.24553344133445404
0.06549878392211321
-0.247442125761906
0.16056187650585405
0.4544998079334786
0.2373790457523865
0.31765923648587835
0.23567490617724454
8.48743173205569E-4
-0.36505618186885086
0.05018423915253413
-0.09585863931027631
-0.09514390071739323
-0.04754143407253599
-0.10336506645398062
0.013565704219123486
-0.06604520067002145
0.023515469995185643
-0.030495797883574465
0.021711129508182117
0.21623434374234468
0.05973650318219503
-0.016731850987253265
0.15710898689004493
0.09341106052980575
0.034722150187655815
0.016913049067478637
-0.054999251458148275
0.028142352551850037
-0.7152944480688327
-0.05409412769750929
0.38561859540247373
0.2456258050043259
0.10643976684735967
-0.14442007295770062
0.062180051034320706
-0.18234013933093549
0.04207935103325539
-0.226619567245065
-0.13993285842971406
-0.10231706863009916
-0.06709517871664754
0.004309501001769242
-0.09167024514171099
0.16821013323682746
-0.0012139389142429582
0.05949166268666074
-0.48720010094733895
-0.18559823663515423
0.16667203667159344
-0.13760330664043974
0.32485206709676306
-0.16148923372375146
0.28174007781779
0.5314436032930121
0.024674938079096737
-0.28018843352666406
-0.07619978748794017
-0.09381759148728071
0.0035301183639935754
-0.028018147650484465
-0.14464139114823163
0.13213278111585472
-0.011445886725411832
0.05668215768348442
-0.1554880749556353
-0.10193414676253747
-0.15449121263223733
-0.02964058025387967
-0.11071764269961912
-0.1127270541274407
0.057251730715674354
0.043388090618969075
0.059833717618551094
-0.09035275065012537
-0.11411390897683125
-0.11287481907861995
-0.08146371148464751
-0.12175602824011804
-0.0462778319518583
0.0673855533451797
0.03695771118443362
0.06181979054511861
-0.22381104703779298
-0.40657617317543504
-0.333613617238238
-0.3331700108638807
-0.19746045623818792
0.23274893122050636
0.0663284406560911
0.40325182547384025
0.0707658275383109
-0.7101633935017385
-0.7947620046920126
-0.9786912620393557
-0.5186787629150118
-0.21408416227185106
0.31207685086485837
0.2952761919770428
1.0380705682152382
0.08310373667869173
0.16324344664659088
0.13416475949133885
0.01267987909630311
0.19420205251891523
0.021253712002925668
-0.12975054021925306
0.042863479345425004
-0.17388820919862186
0.044011686040418455
-0.41505636789427636
0.35247162161690254
0.3248839488367031
0.2373121587113044
-0.01634178019633789
0.10104675384177364
0.05569406787866373
-0.1814477516637443
0.08158707989038973
0.7281981228450642
0.016950823223197013
0.041925646665233976
-0.00936304386291174
-0.11273543219186916
-0.10951441464163876
-0.07391032448636134
0.08047263170001676
0.009587814817678727
-0.147491436963015
-0.20595174905997762
-0.187527474730808
0.03327944453690721
0.055525532204637615
-0.04633914857978197
-0.11914623812177352
0.19788122730198676
-0.04580064534752799
0.12988441344507706
-0.14571564647739682
0.18103158726651697
0.27034774686207536
-0.39393437298985695
0.1774867547076413
-0.10992671507804476
0.016843424909904915
-0.02215471742292579
-0.21790487343419424
0.3292136384398259
-0.4167027930151385
0.07527642087563505
0.09171920539722458
0.10377577083277478
-0.006445277504414963
0.5552023659129091
-0.05379099593153699
-0.5792781475704452
0.10049410133640671
-0.04602072011668063
0.13991083732303655
0.07996724327420004
-0.03282866411096925
0.10420142339578288
0.41617749821388483
0.0029738516725391416
-0.13950517450153194
0.36678015921789325
-0.08784634829581472
0.31840018974447043
0.003160169716753551
-0.15720074120154395
0.0021559489848602246
-0.28011180878402236
-0.061960595396106856
0.08620053456129843
-0.008408567896789744
-0.2531369522565552
-0.09923484978411816
0.09312184723800297
-0.19307054575605712
0.2845360508617366
0.006112683157783911
-0.06082656300978972
0.6027014499437756
0.04094714217537816
0.2200793063809743
0.1659554178435465
0.011369891022119485
-0.14446312078651047
-0.02056802701795847
-0.08934381706271774
0.006511858787838291
-0.18157141373867433
-0.4852051444240001
-0.20050182076598702
0.13353446741926334
-0.1994087198523782
0.28279325100928054
0.1315113162575802
0.44484904298181016
-0.038648126107376155
-0.0406503407834402
0.12840758593462617
-0.05871701275144317
0.08744501342408112
-0.43072027878814007
0.01831474752859739
-0.038580509284118464
0.13152788067414886
-0.009828429950331119
-0.42491411752553054
-0.21947474004498305
0.2180896999338871
-0.024356750423388966
0.0028656207158570023
0.04252170829225245
-0.01576033838240732
0.05684745704556498
-0.032921550745642875
0.3467358577962018
-0.507005316367281
-0.2604843603788079
-0.029713805276387378
-0.4151694989015264
0.33375300080873915
0.06376573759482267
0.34475116890319746
-0.045833596569403806
0.060579002979100176
0.018125839044679248
-0.2432481065853486
-0.13470217473669116
-0.364374939797558
-0.17655428701052311
0.19588368912811788
0.269407016714908
-0.030137784953984992
0.08321912450978192
-0.06077091181679753
0.3140811424271663
0.4097314173271689
0.006432868944124838
-0.007447451018526942
-0.1991319983694762
0.14307242547733545
-0.015194711305949475
-0.2966461964569824
0.35994755948368545
-0.09075739247142495
0.3133326359259084
0.37965676823688366
0.009014224693396375
-0.007458567185703095
0.08122948388088834
0.020229240647996475
-0.07398075821946556
-0.07947767514490209
-0.026391849066250823
-0.005168295615484699
-0.09571778002307398
-0.0966768569264031
0.022262567414702897
0.01605294879199072
0.029894442263290247
0.13408623025601385
-0.2717761677675945
-0.7856072558399833
0.0710995758145883
0.5085526794612178
0.07260129996570881
-0.07398071299876516
0.18952372220621833
0.025218726139476146
-0.6299282842992985
0.015485250760020993
-0.11390469503504375
0.32261792177867693
0.06213845853037742
-0.23638494822199613
0.05609107753435739
-0.05450047043004601
0.010898611860981627
0.09647862250524533
0.10076908128723487
0.14021313116766493
-0.004872278179713964
0.09942269122728031
0.05938115530904332
-0.0131707798136293
0.03014332996084367
0.06502144255841069
-0.3170123144335103
-0.13287842962178031
-0.04402802619428717
-0.19651874009189338
0.1644757169622037
-0.24728915041576124
0.25812087844466325
0.389435624877429
0.0030698621933905657
-0.6013959255703124
0.0305633677541604
0.005295221221904709
-0.0517685894228705
-0.039545372967023706
-0.257141699466869
0.10638836958031696
-0.09819029650663226
0.054633789849640846
-0.4843089814004456
-0.1690532932149155
-0.23313877077749154
0.020586265773613235
0.34748715201331526
-0.16526652467843944
0.24109301203422462
0.052992910706309425
0.006069993484817094
-0.21049333666046155
0.245272155807619
-0.1188175324661353
0.11084580426669893
0.015731965107780115
-0.10762941555201268
0.15750775194510136
0.025707828243525542
-0.043830257377587376
-0.34527879309851117
0.009982785454422142
0.21448597391879576
0.31724867663782874
0.37809575983474775
-0.20310153312114293
0.11667682877779874
-0.21579336894019174
0.010563371408287439
0.29472820536826444
0.17186307297020034
0.35116061109953534
0.1131996812405039
-0.020715611976934563
0.14293176383118178
-0.20972810470809178
-0.09907962971602284
0.056493772977208034
-0.8882657882023193
-0.18078244374219055
-0.03195729867288481
0.2117261684868848
-0.06100739617132835
0.12044501345375694
-0.0710298670345173
-0.1010844228398401
0.06406784509098458
-0.7679717349232121
-0.6802997099484287
0.006918200638407006
-0.09438872686452666
0.2569062959901787
0.05244444915704988
0.08866663941840287
0.40666865855776735
-0.019635273463782715
-0.16829787264429347
-0.11950263633215764
0.4169442810971053
0.5680851609772125
-0.11289041067949926
-0.053423317924870595
-0.14300067562336377
0.07616962859712528
0.06872580453014432
-0.36858317982300204
0.5749183095696222
-0.17494588504338393
0.04865399557595432
-0.43962397710244244
-0.3603364134010614
0.08094649489266426
0.01789647619802742
0.13454934797697563
0.6286297526311825
0.577435962522549
0.028953389889652226
0.1646096715388227
-0.21595936262519752
-0.23315229579985433
-0.26276938389880333
-0.03423314640748119
0.1025815419452871
-0.1509125220783022
-0.25559696690675976
-0.2506611082031548
-0.17610625969492516
-0.16686576083689658
0.12002335359420441
0.19499167907454498
0.3126435824896387
0.04403631556332255
-0.24354026000667384
-0.06948102544650668
-0.11641268620028945
-0.03306276193640946
0.02749138342095882
-0.1041261184338734
0.12075637214618898
-0.0035733534712264698
0.05610357178325958
-0.48916117243704327
-0.28346183585114143
-0.21280411536123764
-0.1271986803797087
-0.23424298861364418
0.16482563930726676
0.10677457687017068
0.28274400640413844
0.06509057663742122
-0.25971039837449167
-0.01066852431911846
0.2569165542024358
-0.010188399104703965
-0.5496635295308027
-7.712616550147536E-4
0.14321332964508193
0.12236178918481334
0.062022899487179275
-0.5037337538251562
0.18597791457135301
0.07511901602742127
0.24894763354588362
-0.417421799150158
0.04725169467962902
0.04342187360499945
0.05417839086696756
0.06366714469178304
-0.32199247778492596
0.576151954280199
-0.46283176071088683
-0.05232571691811857
-0.1471988898745035
-0.08137254597995157
0.30354454817625726
-0.03511638936381459
0.0886570205236428
-0.4756342384479222
-0.3278616850729848
0.08336644749899323
-0.04488995128342839
0.032371521943974996
-0.21250825324339007
-0.05187284155919344
0.17311428725979022
0.10255079504070679
-0.4541214571361484
-0.44873542455073256
-0.009873754725428037
0.2077844756695981
-0.1053568404775846
0.18376172920921724
0.22361975506093842
0.20772312363267226
0.004716190283274916
-0.4122915525281368
-0.41200566288751306
0.17518137183783325
0.7304247070970674
0.05686056820767006
-0.12063380421501695
-0.04424221699037064
-0.09089180442454613
0.09044599858758855
-0.2119798697107246
-0.07081560823990522
-0.03098598024328937
-0.003940739334151903
-0.017170126530127155
-0.09390512757843487
0.1286663100270287
-0.07320593274713191
0.06764418704521
-0.06054921969513882
-0.005438375645345882
-0.09631192534837467
-0.387843919006152
0.704260945462379
-0.12377585007793973
0.10888627077399149
0.03964672413331369
0.03493095694632928
-0.0873521063625997
-0.5044404830517795
0.43651990310392424
0.20505127637491144
0.04401660192633215
-0.08689218428505566
0.11586075940713575
-0.09276378520000485
0.02344354748991095
0.02229015982320105
-0.7062151519937373
-0.47341438518915274
0.6738539799283044
0.1358096830225925
-0.08422676405146927
-0.07857544229890351
-0.15392905566539428
0.07599290073581359
-0.16046757086542462
0.018910842588913974
-0.02198672897823138
-0.1173679620476704
0.3425037291245454
0.0459812444902346
0.02083629779148184
0.2024433006712292
0.0217920756820523
-0.09348591016704924
-0.06363215307954387
-0.058153344802504114
-0.060260338556904706
-0.05082570963977607
-0.061700332658696344
0.04065037245523345
-0.0031651918883772593
0.06253259222169325
-0.7131654257552555
-0.10418118124220008
0.02928204668725485
0.29371895719142266
-0.22283800823153568
-0.05078244992160353
0.21696830843994
0.5346255438860127
0.017974342986908597
0.28380197334234103
-0.09605954548249314
-0.24557919667227215
0.22678374409082142
-0.2610777605045273
-0.16715877623435701
0.0318317174550816
0.45454925177285394
-0.02491955970404698
0.33247623397352605
0.07413270520757392
0.3552702801461073
0.35245797930800654
0.2948315149040001
-0.014508558123352526
-0.27850887609365094
-0.2810940303920945
-2.591599128320062E-4
0.40707418640850185
-0.23381633750035835
0.07824310892543922
0.08030305504173701
-0.03638901254608574
-0.2038018999095667
0.06386774801371148
0.15984312255402305
-0.0016189465277194025
-0.6575342976206061
0.113927756162515
-0.06180774342809025
-0.13819953605901816
0.32858468451543993
-0.07869563322317263
0.08981991392045764
-0.12513896431584912
0.02681535541077604
