-0.2171711135294215
-0.03386732176195832
-0.2050592303247313
-0.09615498350147347
0.026004422660800944
-0.3789348951948513
-0.1399444694129381
-0.09587062705443734
-0.1630855923149991
-0.0530156635327365
0.08958508989531908
0.2097920879068884
-0.041734945813531724
-0.1777790951751367
0.3079724495392148
-0.2867739961523744
0.08595335599097834
0.027412842422595174
-0.03859354970686134
-0.17938167560927265
-0.16516425816592736
0.33248271712881367
-0.24147539052494785
0.2456330463481005
-0.3140985403725224
-0.04133455339179885
0.2775377050393614
-0.3015970383763202
0.9967042701606982
-0.28905124976756763
-0.13068329812498822
-0.12936172230996137
-0.02270641357105036
-0.1024024763592974
-0.32242692055240446
0.1102286234341221
-0.06696631858700085
0.015813009726943602
-0.31979439212113264
-0.2022880367350864
0.011800605544909755
-0.047002901786007
-0.012586902895606947
0.13930191567379063
0.019078284978397482
-0.25263483423949834
-0.21381358792504374
0.35585346208954804
0.06893499706739521
-0.18616736795845046
0.14552373453948741
-0.03958352919203783
-0.06205205928372188
-0.25037448051576705
0.34536095401603056
0.2737685807596704
-0.09075726563618318
-0.17800016229429835
-0.20823073975684944
0.09378689983846696
-0.22923982232664258
-0.029724069144369702
-0.22925789090916107
-0.07462080954807376
-0.0032636943422106736
-0.33244180786004585
-0.10176706209135797
-0.06441871821461455
-0.12659271346988607
-0.03486531122778252
0.10988013390426597
0.16448486528703946
-0.012969781783663533
-0.17306002277655616
0.28005748368580163
-0.2616526350057465
0.06407834263988504
0.0384036461286132
-0.015987053271975707
-0.18662363057079867
-0.15487456569005117
0.288255186870747
-0.21011948787399784
0.22415979317038434
-0.279629380903406
-0.0303328283678585
0.2626625269516925
-0.26392187847598647
0.8980311212830449
-0.25730774137325013
-0.09746871292479045
-0.10965494050002088
-0.03515821866754125
-0.10439911692986395
-0.2902298999166422
0.08599232686375535
-0.0941625964325007
0.04237858102194286
-0.28392464392628636
-0.20987767914152178
0.016789904085790397
-0.053143200906440785
-0.016831660965491668
0.12497917650980087
0.007161484552142062
-0.1731458689562214
-0.1832731152022667
0.3361683591040299
0.026938511702135546
-0.2266623001141634
0.07997552787084601
-0.043687993731424485
-0.02097626868571898
-0.21978663926217465
0.33567680831080304
0.22976442635499905
-0.07678352989639264
-0.17067164628158335
-0.17786290593454465
0.08373388988108177
-0.25965591220121376
-0.05743251995326585
-0.2863097165220869
-0.07612745626466196
-0.07712267466759225
-0.27907353149276887
-0.0813947740512229
-0.03224252304480141
-0.09130607757635793
-0.03618999333242774
0.12990462733664124
0.09077210044668635
0.01954826711292578
-0.16922047535221996
0.22911954939038617
-0.23320257506292663
0.010737359376196465
0.029631151729428925
-0.017578331926363017
-0.19111536699701165
-0.1643511932393668
0.23152364943336465
-0.17475504745075382
0.17871316307842314
-0.2410757002465182
-0.004749415612878656
0.23702802901031234
-0.2219987873027736
0.7664060344036454
-0.22143873435776423
-0.06097562354519941
-0.1135829510355333
-0.06709400008679983
-0.1171693076555084
-0.2537512547546044
0.04367154731277983
-0.13637467041341744
0.04396982855551342
-0.2501879540374981
-0.24603788866670018
0.005516809214263908
-0.09497814743808423
-0.03678434919338749
0.0952242097428913
-0.01819841501932583
-0.08241630589409125
-0.1487130991210012
0.3028655517672162
-0.045583037977835555
-0.3027534306186608
-0.030505898916799872
-0.06729817364856243
0.0058385198200812324
-0.18514258629879604
0.33151386770762586
0.17158320241832276
-0.07903621996576803
-0.17899852643387765
-0.14345471997276127
0.0382368626340964
-0.28465104380827627
-0.09055820831691631
-0.3238824748544418
-0.10063189385654743
-0.15496500215353068
-0.22654050348017762
-0.07961706497462841
-0.008324763323394558
-0.06718597074027083
-0.06020045878046531
0.11583781793854055
0.030872247265876614
0.04767676352040914
-0.18849530975783432
0.17273346468319667
-0.2261844055712192
-0.048773914156493695
-0.0024899558427645737
-0.08304617599077864
-0.19303929923694738
-0.1826753202085489
0.1991177624029269
-0.14565767417885597
0.13176539568841214
-0.20870505673120793
-0.005068177421410135
0.20942838473471007
-0.18607733373967425
0.6320720429488876
-0.1917024051720394
-0.031817728582999694
-0.11952486635146642
-0.08766400576494655
-0.12994463199502823
-0.22323906775122582
0.004127742086804301
-0.17623959823724447
0.0051209492287641965
-0.23436601393391499
-0.26840431001730786
-0.018621638187216724
-0.16020599632693164
-0.05861973092128187
0.06648569348891045
-0.032053025515250896
-0.016523220527173327
-0.12038673308583811
0.27348072814563956
-0.09712440490477683
-0.330932340500926
-0.14005722722006625
-0.10220437209795202
7.079091166554697E-4
-0.1566740312551724
0.33268838020532926
0.13424298413197328
-0.11114066136238049
-0.18966430643575963
-0.11524741077257171
-0.0312304777999731
-0.29790248371243927
-0.09125399005143055
-0.3194038769240218
-0.10445238801338246
-0.1886209284640631
-0.1853628017221707
-0.06214571051075409
0.008377631652757851
-0.04773286375236317
-0.0632979820397228
0.08298440203445431
0.008270657708117097
0.0670954374878875
-0.20750088409114859
0.13982827166306327
-0.23373851222853928
-0.0870663656033418
-0.014215028301007621
-0.12680706579814577
-0.20027476976978636
-0.1679959391894299
0.1874747434284121
-0.1242218005073141
0.10856026345540207
-0.18390755446083204
-0.02272414091492033
0.1799698961183089
-0.1575338358060143
0.5298499477120696
-0.16948710492589134
-0.011043648168098184
-0.1056892541650226
-0.08579201882981764
-0.14139258488133083
-0.2000833249198588
-0.01587840034359598
-0.19767601496746698
-0.011128262342259212
-0.2192293147619133
-0.2677523552601893
-0.03722704240746646
-0.1801884283741919
-0.06893948093154958
0.05140704082137684
-0.03144736777203072
0.022990272392391407
-0.09970688158821363
0.2540823723436583
-0.1038755147772689
-0.29785157017960723
-0.17981571712661487
-0.12132580196642549
-0.0020541864675551373
-0.1357839231890425
0.32246158095739885
0.11386941302940447
-0.12751138681926863
-0.17917083828875074
-0.09466246981848253
-0.055662680616939034
-0.3034967824032134
-0.07999503713907007
-0.3026884482832734
-0.09887656135209318
-0.20092299159980737
-0.15143059124154332
-0.04050190508467101
0.021688542282992992
-0.029619964289185275
-0.05725243625329204
0.052673027416983036
-2.589406719361386E-4
0.08079681201544917
-0.22051131788448766
0.11558160682983604
-0.23657935417000048
-0.11639695169775921
-0.017338832182561947
-0.1480901621896956
-0.2077049115553146
-0.14047428932949818
0.17680575944948881
-0.10659320085451887
0.09335637475895298
-0.1628245951526336
-0.04552795845281718
0.1508884044520636
-0.13249590890138543
0.44523795375568115
-0.1509342286071506
0.005101600648539068
-0.08576716985278485
-0.08056835020373039
-0.15099237498847976
-0.1804308948678631
-0.029324680468612214
-0.21332441114067222
-0.01570220958410585
-0.20329355757959516
-0.258662933275505
-0.052985931059310896
-0.1810833227810667
-0.07468361016763113
0.03985613089856553
-0.03007404682305756
0.049567391611443266
-0.08284577736995406
0.23475786975517046
-0.09943870620982402
-0.25499477527078745
-0.1902218495222224
-0.1306181825997896
0.0026710428112554177
-0.1186381890672276
0.3052970708390721
0.09374647279282529
-0.13219266832203735
-0.16280706490277647
-0.07788409482278984
-0.06119421437114908
-0.3027320654608461
-0.06448056153788428
-0.2836682039089244
-0.08921363018214704
-0.20174612054982233
-0.1220401196524077
-0.01884103248072272
0.03249283564923063
-0.01254250122735103
-0.04751860681800431
0.029610238469112402
-0.002878780517723462
0.09023781591915557
-0.22863431390346362
0.09389682771402433
-0.23366528755392277
-0.13889508026362682
-0.01729731954665956
-0.15545551716041273
-0.2128165804800446
-0.11097351579530351
0.16471891589701115
-0.09126361473367155
0.08168096904329128
-0.1439425656058828
-0.0673868051449921
0.12369240753166418
-0.10943392399253246
0.3720731321135637
-0.13452669285977267
0.01799975559070019
-0.06356530701344057
-0.07568218089760391
-0.15833124224712136
-0.16276798118348432
-0.03864058462315941
-0.22550060085430176
-0.015071035353325274
-0.18725818332646166
-0.244378388996527
-0.06523790081088375
-0.1748026866544901
-0.07765224088487581
0.03087984794628291
-0.028832882073096037
0.068958259740743
-0.06830844840673111
0.21530198901952147
-0.09387449528485287
-0.21653019974752014
-0.18981367496178986
-0.13359470274391672
0.012204496185476402
-0.10373879002539767
0.2847113785698965
0.07334950825535169
-0.1303197664465192
-0.14554773660512088
-0.06342258640671136
-0.05972004994617819
-0.29689154939305473
-0.04776146765121822
-0.2652757769627588
-0.07751058456765583
-0.19585905409201443
-0.09574598439901649
0.0017445159049753738
0.04096031461683278
0.0035034887806239564
-0.0361229190548381
0.013822989738680205
-0.0032089620240224287
0.09610532825775914
-0.23292526320435336
0.07239122449174165
-0.22729975028459107
-0.15528747720899416
-0.016046003572543342
-0.15474653093928545
-0.2152624059792552
-0.08375359270967238
0.15141465572252075
-0.07755246475831959
0.07206395064981078
-0.1265753785990496
-0.0853351954555422
0.09879759972434819
-0.08764499346807615
0.30714604581064137
-0.11957325766965383
0.028247894436919555
-0.04069930249778791
-0.07171682197028856
-0.16277097182479075
-0.14640425493414516
-0.044409740298807954
-0.23479875856390872
-0.011701971766362042
-0.17136360611866377
-0.2264182002749149
-0.0741262644975925
-0.16533282363027263
-0.07853668206887017
0.02465074414651686
-0.027174130407709638
0.08424957169853109
-0.05542301004068459
0.19626949730080354
-0.08975623515066627
-0.18472761187863881
-0.1857689784594906
-0.13261256457807669
0.02442510989491219
-0.0904159407859129
0.26239406695842404
0.05373522287706492
-0.1256017971751115
-0.12891942892513106
-0.05060893357536928
-0.05520732629341542
-0.28721618334000787
-0.03134740354008547
-0.24805852252243085
-0.06477881289260849
-0.18603066562210316
-0.071647950833107
0.021015369881320183
0.047134106510511115
0.018483974784693078
-0.024022751018154466
0.004132016750736274
-0.0031221269927333797
0.09883893328059662
-0.23401025941974582
0.05020397317713167
-0.21933147433695574
-0.16657128279851718
-0.014447125768939053
-0.1496820363242586
-0.21551918378649895
-0.06013858399721853
0.13721238152785864
-0.0650834233883414
0.06366222553621619
-0.11034140554641406
-0.09876237613536253
0.07606171779935661
-0.06673080134358578
0.24817202367878566
-0.10568602284876201
0.03617413989801199
-0.018209409160459204
-0.06876507087736913
-0.1639138049530908
-0.1309487031689877
-0.04718328686076716
-0.24175540218282518
-0.006876537141953131
-0.15569216721619952
-0.2059535842058763
-0.08037494655583227
-0.15416506959456872
-0.07800255056613879
0.021049428865267093
-0.024784975128814585
0.09719808495205373
-0.04381997872893194
0.17776969664452652
-0.08762404581802351
-0.15881083872903887
-0.1809390958054738
-0.12937151838423036
0.03799299646904338
-0.07830524191462815
0.23904831102455446
0.03521336529049264
-0.12027692007253667
-0.11333667475342239
-0.03907550854224642
-0.04913998845905202
-0.2747226440761056
-0.015985740064572398
-0.23188676187927565
-0.05160675020937475
-0.17390309253013847
-0.04916095306525287
0.03899773110566386
0.051077766204250745
0.03238093105765884
-0.011735780627823003
-7.626128291498407E-4
-0.003606331182205736
0.0987896430317161
-0.2322826003822293
0.027206471068223874
-0.2108067876948667
-0.17382811275290658
-0.012915563259909953
-0.1425415395878526
-0.21423349723220023
-0.040248972262626526
0.1223129596950787
-0.053623819524903325
0.05588933351984213
-0.09500316000004479
-0.10809110201848533
0.05516877589863692
-0.04643821535552821
0.19342141019880918
-0.0926202820217863
0.04199853798271168
0.003279317429151313
-0.06680053911096996
-0.1617223777959143
-0.11614729339215497
-0.047528089158270094
-0.24683772070051674
-0.0013727007561939197
-0.14026521882280124
-0.1839176765930822
-0.08473008423444503
-0.1419168233179639
-0.07661017289239447
0.019797926476295122
-0.021536669923322888
0.10890305721919556
-0.033272561241769694
0.15971260490999145
-0.08745777537097456
-0.1375072563720276
-0.17641064260930034
-0.1250171150459562
0.05208516487170721
-0.06718547247516313
0.21499241173081135
0.01757589003210138
-0.11551205393750749
-0.09883058395736509
-0.02859684685640789
-0.04213499772082297
-0.2601879764249381
-0.0019706074187983867
-0.2165330671385624
-0.03835803514942548
-0.16045427229157572
-0.02789480556506928
0.05580463464667404
0.05292126247545679
0.04522614631521184
4.4784348033411484E-4
-0.001958441501242313
-0.005166333222981828
0.09628281133068087
-0.2280457195251683
0.003577651383601316
-0.20224992853655188
-0.17802561870544498
-0.011637495467885162
-0.13468797465742025
-0.2119956776021381
-0.02377226223715591
0.10683269542106705
-0.04301011621729234
0.04834065776954924
-0.0803930682062294
-0.11404519711504693
0.035802778722459565
-0.026586258750980588
0.14158420573318828
-0.08020034627209449
0.045909064835758226
0.023459537969374993
-0.06574024126050179
-0.1564075298997563
-0.1018063659017392
-0.04594196744616322
-0.25037287409395537
0.004328650699845405
-0.1250655622451884
-0.16102139744001892
-0.08777147466904217
-0.12886393856343653
-0.07475891706597018
0.020617538500161868
-0.017352978484162555
0.12013727651554194
-0.023622359745300556
0.14201017216953113
-0.089108263328321
-0.11972460422232023
-0.1725369390305493
-0.12027946783169098
0.06620070257650155
-0.05690288029648633
0.1904329575662629
4.6511050303413136E-4
-0.1118444779861444
-0.08532033237635579
-0.019015555700958385
-0.03447125799865674
-0.24420954303940048
0.010684521781197224
-0.20181718096797246
-0.025253363418479086
-0.1462883021827539
-0.007571293363719928
0.07157815567776868
0.05287268056461349
0.05711525909456203
0.012371006404699495
-3.02826384052618E-4
-0.008025833090299115
0.09165072635946814
-0.22156307848098403
-0.02042050425375559
-0.193921678828098
-0.17996017434714456
-0.010664534689466477
-0.12691498975475954
-0.2092811811375065
-0.010267975213903515
0.0908467875324171
-0.03310423671765666
0.040752707666423776
-0.06637015544200668
-0.1173600160590374
0.017704230466414707
-0.007024419746430085
0.09166310016471206
-0.06827624478555691
0.04810506228670628
0.04223584732411547
-0.06547361663506918
-0.14830133658431738
-0.08774677382635383
-0.042816130190630096
-0.25254270047466004
0.009948344325983705
-0.11004024932402555
-0.13777788989621687
-0.08991239350190329
-0.11512443706755536
-0.07271147617284082
0.02328271841191859
-0.012153642794692155
0.1314916988473759
-0.01473559835869266
0.12464380399572395
-0.0924123121054055
-0.10465289307207316
-0.16934786836538454
-0.11561071255946016
0.08004414837304202
-0.047326976096310945
0.16555857560793905
-0.016434520888044535
-0.10947516811043352
-0.07270753163849926
-0.010198625214789618
-0.026272118423387288
-0.22726403907462683
0.02213729469988511
-0.18762196226513103
-0.012420473098596011
-0.13180608730164167
0.012022229644938372
0.08645785692673781
0.05120584237731074
0.06819659828292325
0.023949954039211033
0.0035709114052151457
-0.012233238729604539
0.08524123432918784
-0.2130631079946643
-0.04455048624837294
-0.18596966646208737
-0.18026816256834155
-0.009969465028884314
-0.11966273494116335
-0.20643640148166933
7.204591774655656E-4
0.07441484875677509
-0.02377380379625702
0.03296510983118814
-0.052800765622768364
-0.1186879597361776
6.807199143616818E-4
0.012384450022062135
0.042887985838106636
-0.05670446063649193
0.04881348389004135
0.05963746068152184
-0.06588775576281464
-0.13777280859403773
-0.07378207487310813
-0.038428779075549355
-0.2534001937845343
0.01534464657415167
-0.09510583805641601
-0.11453039222162015
-0.09144651467070099
-0.10072760181564695
-0.07063769241029376
0.027620965492830787
-0.005843748325782546
0.14342749776152391
-0.0064831063577007126
0.10766428169571063
-0.09721512058751838
-0.09172166557925977
-0.16670864491294066
-0.11129139615993003
0.09344910452946399
-0.038330618694385206
0.14056062128133726
-0.033330277696440855
-0.10843340294627588
-0.060908436444108274
-0.0020174685983020066
-0.017574354031957923
-0.20974356638237554
0.032639313970901265
-0.1738851822195591
6.22529562747808E-5
-0.11729621219743379
0.031039066424162622
0.10054265574136509
0.048223821358641714
0.07863434455564125
0.03512306436828765
0.009187556096266598
-0.017721613017539575
0.07739933715409071
-0.20273270320572898
-0.06864893544036971
-0.17850473549794763
-0.17945445222559725
-0.009492281759584342
-0.11315249042785262
-0.20367517540469035
0.009620370623716781
0.057589051873898886
-0.01489696215300862
0.024881296619502762
-0.03956404646842675
-0.11857457008365549
-0.01539915436366732
0.03175581168789612
-0.005341483459594361
-0.045353455327997554
0.048276521003233604
0.07574820791795944
-0.06689219718248403
-0.12518085042434382
-0.05972182967735629
-0.032953624851230094
-0.2528851384631472
0.020458152519900935
-0.08016769740133026
-0.09147842539032934
-0.09259342722604456
-0.08564754630105334
-0.06865339398901224
0.033492891870455566
0.0016734227485859046
0.15627438367939037
0.0012551696125831337
0.09116376347907791
-0.10336981173849169
-0.08054312599912965
-0.16438084696855432
-0.10750480443793266
0.10631427531303612
-0.029794834587492332
0.1156221179551731
-0.05031364168380005
-0.10866671316556295
-0.04987421998605208
0.005647485323710324
-0.00836189615451426
-0.1919726294716208
0.04247653176649408
-0.16059267478986192
0.012124151624578769
-0.10297605363931238
0.049542120432298505
0.11384025326616184
0.04420181507831399
0.08855116501074908
0.04580185620654936
0.016170753978370457
-0.024343353980667448
0.06842337602002754
-0.19071342088945292
-0.0926504012238183
-0.17164110795289123
-0.1779165236014669
-0.009184392170080853
-0.10747513494844388
-0.2010853353932191
0.01679935871759656
0.04040959140165869
-0.006390479092085316
0.0164301060553285
-0.026580969348213527
-0.11745859291353325
-0.03061864192559812
0.05115088897748065
-0.053479686888722754
-0.0341327540427749
0.046712596779610115
0.09064670944722959
-0.06844259688164855
-0.11085145921116513
-0.04539938368639204
-0.026475206258144087
-0.25083525721913563
0.02525998175329246
-0.06515747390196736
-0.06870430946085071
-0.09353341728715031
-0.0698270419035961
-0.0668500994025745
0.040767573926936716
0.010471504837385697
0.17019177844867792
0.008562379441364155
0.07523874724497669
-0.11073181870605532
-0.07087241244240085
-0.16204631607243308
-0.10438517116687558
0.11854078697805945
-0.021636940703794745
0.09088834930618878
-0.06737169889387805
-0.11009181890801494
-0.03961672150574995
0.012878889564647455
0.0014104402747946948
-0.17421746802896954
0.05192449410730872
-0.14777481231846834
0.023667069825375964
-0.0890035482924107
0.06744655433945
0.12621198492101998
0.03931953070838079
0.09796048229575233
0.055827417409911574
0.024184627082669077
-0.03188343788950966
0.0585053478636383
-0.17710468323184428
-0.11659868317437751
-0.1655235340929324
-0.17595695303372516
-0.009049551391850872
-0.10265216757115844
-0.19864886382171806
0.02253333230234367
0.02289684850400647
0.0017449756177361575
0.007536105914347611
-0.013860864173294735
-0.1156810161895702
-0.045028741230485024
0.07052601478796715
-0.10181859148919087
-0.02303955879780943
0.04425937249691684
0.10435732086840617
-0.07055902616200957
-0.09507167811612369
-0.030719191071625466
-0.019003625862905608
-0.24699436172393022
0.029705850639127628
-0.05008529268695831
-0.04620426092378241
-0.09443147189695976
-0.05319913999326679
-0.06531515958567219
0.049301559124069104
0.020573684082606687
0.18510574265651084
0.015439793754136441
0.05995737627332553
-0.11915005544530499
-0.06258610835045639
-0.15931724852295626
-0.10204405362195025
0.12997270201539948
-0.013855794535224165
0.06642828384120221
-0.08439584862101589
-0.11262288017118202
-0.030239789290885236
0.019677375176270658
0.011796180167518164
-0.1566974088200805
0.061223070964215275
-0.13550415865817383
0.03454433885182726
-0.07547346630010571
0.08445551653987063
0.13732810014395874
0.03359838790665502
0.1067021575426436
0.06494019264872938
0.03288115545613257
-0.04004896661932953
0.04767188527467965
-0.16197341252390535
-0.14065081065595408
-0.1603525062905987
-0.1737815366661436
-0.009175956905342857
-0.098676978171717
-0.19627149000340352
0.026974850258946064
0.005054502712048217
0.009374262379157958
-0.001890404189892116
-0.0015536390395600673
-0.1134969840297569
-0.05866448555144567
0.08967601965870796
-0.15042821642322887
-0.012211037822140102
0.04091435488165918
0.11682081539926753
-0.07333263194797816
-0.07809612673028173
-0.015713558871397516
-0.010480636099936073
-0.2410187270161681
0.03370451257997955
-0.03509549798025955
-0.023925348600681184
-0.0954506325547608
-0.035707988304497465
-0.06414054605968285
0.05892866047588353
0.03193268615636891
0.20063768331950085
0.021756528599659652
0.045343653145831546
-0.12845371899892855
-0.05567114335331627
-0.15574167463159388
-0.10057799259608
0.14035041230202272
-0.006582223986561405
0.042200308979731975
-0.10117713555891572
-0.11618259575799696
-0.02196681493647237
0.025911192090614887
0.022838515447316566
-0.1396009202564579
0.0705754021209246
-0.12389285302347805
0.044561124987967306
-0.06240814561480087
0.10001513128940111
0.1466504749623919
0.02686055962424759
0.11439735126228583
0.072772413397765
0.04186173176386112
-0.048436235286200904
0.035746313465910035
-0.14536662331973024
-0.16507675807362193
-0.15640979000181035
-0.17148139150591973
-0.00975302351449487
-0.09553907858919913
-0.19380804379079133
0.03013367171415349
-0.013101532762726445
0.016189152825207716
-0.01193517492368488
0.010009558913312712
-0.11108479073657111
-0.07155820585376799
0.10818949319816283
-0.1990653066102746
-0.0019650363546823762
0.036493526231782994
0.1278964554482482
-0.07691555814131355
-0.060160757014684506
-5.938687238661504E-4
-7.721134097975095E-4
-0.23248322561715878
0.03711174610132695
-0.020507875888072524
-0.0018030110441464226
-0.09675537055389855
-0.017328327050306968
-0.06341825530465688
0.06946616954618226
0.044425591565266764
0.21604568586078612
0.02721118746517059
0.031387773884196446
-0.1384347083996144
-0.050213914223374005
-0.15080962527238914
-0.10006251756457338
0.1492887425623188
-1.1737997039607288E-4
0.018039939573715677
-0.1173878787551022
-0.12069874423508398
-0.015150820049164678
0.03127787798312288
0.03455480073991219
-0.12310096516450258
0.08016824141055522
-0.11308942257393047
0.05349886904045872
-0.04975020056771301
0.11331548307658734
0.15345526283653577
0.018723482305150006
0.12043705813156008
0.07886933335031245
0.0506606060306093
-0.05648741688914731
0.022349990003807333
-0.1273248559419414
-0.1902594117002529
-0.15408204246999038
-0.16899902756548044
-0.011068954763349704
-0.0932339693176731
-0.1910663380744328
0.031884843751605656
-0.03148147750916089
0.02170003374041651
-0.022634397534457742
0.020305767746292912
-0.10854549408653956
-0.08374557743534164
0.12543529903015754
-0.2470845543315371
0.0071892856860701765
0.030627443693332795
0.1374017622531855
-0.08149408067312468
-0.04149704004455612
0.014219921350146448
0.0103489172441922
-0.22089245988743644
0.039757635393709974
-0.006824267861578653
0.020213222366171804
-0.09850987547006436
0.0019159985629621438
-0.0632239389618402
0.08073791202920379
0.05786412981151325
0.23020104974550937
0.03132369780188937
0.01808285257888095
-0.14882876226891292
-0.046381344541951676
-0.14396727250542093
-0.10054229894555224
0.15628718648392875
0.005059274119062221
-0.006314595455201735
-0.13256031951174568
-0.12609171366341104
-0.010255724045090838
0.03529625761887145
0.04692408792304644
-0.10735842229870714
0.09019981194013194
-0.10327456668806534
0.06115971055634419
-0.03736032345035806
0.12335314956355331
0.15689667941495267
0.008633275640913896
0.12401172535047102
0.08273724826319995
0.05874967628425634
-0.0634606791999586
0.006949300247444893
-0.10790394329209273
-0.21670107177697281
-0.15388217988779754
-0.16608082078698147
-0.013491389070254954
-0.0917619513288748
-0.18777883605460946
0.03201470316692581
-0.04983785782623465
0.025268372634286787
-0.033915920639627894
0.028650523460427877
-0.10588672524438311
-0.09526035674269426
0.14059213565121872
-0.293405721927477
0.014581589037206166
0.022803532109213178
0.14518564615307478
-0.08725172330271899
-0.022343838551412837
0.02810146489952455
0.02321216656060456
-0.20570789842087805
0.04150412426719102
0.005312074824439913
0.04216324729822133
-0.10088174374174945
0.021930972704927738
-0.06359621044178967
0.0926066541898041
0.07201210375525216
0.24161537025930438
0.03346755072851749
0.005475939437280299
-0.15930337691758822
-0.044392171013936374
-0.1346515335093735
-0.10203073364802133
0.16076911802792512
0.008322496744277945
-0.031154296284961327
-0.14607937930795012
-0.1322622794943485
-0.007806514441189678
0.037338900048642994
0.05987344666220907
-0.0924968570432828
0.10089563757821175
-0.09465138043674935
0.06742343571168506
-0.025012901473980116
0.12905019149717512
0.15610043247285835
-0.0040731306477344255
0.12417837766590546
0.08390695045265899
0.06555349996336327
-0.06843976564528077
-0.011063865002946212
-0.08722839359426166
-0.24504078467566456
-0.15647386631274054
-0.16221793186546923
-0.01743920194068068
-0.09111401391812815
-0.18354271485479434
0.030304622523740922
-0.06768894381651146
0.02617496512231813
-0.045550443953134255
0.03426465453981233
-0.10298153020577691
-0.10611287098901458
0.15271758070538968
-0.33658632867062016
0.019446713340894366
0.012445448337331157
0.15122317469163668
-0.0943307614105839
-0.00296442308923893
0.040250777164750604
0.038229776005457204
-0.18640230720261997
0.04231854857194934
0.015203143923983597
0.06413085128677246
-0.1040616771852337
0.04252362110374197
-0.06451928963736828
0.10500483757765927
0.08659819592346535
0.24851690481983635
0.032937198955717194
-0.006286032412093871
-0.169464997050436
-0.04448530784611107
-0.12235970854645274
-0.10452617453840377
0.16213564197709562
0.008969001823770036
-0.05670114956479361
-0.15719973388775016
-0.13908380557400876
-0.008315501537234704
0.03669961362212958
0.07325584551743954
-0.0785211374984725
0.11249960226943255
-0.08741807108887888
0.07231557913298821
-0.012367386112359394
0.1294057741292899
0.15026962711861533
-0.020094599794698784
0.119954712508686
0.08199805685336428
0.07046057891441829
-0.07039629599317027
-0.03228329152434692
-0.06561370397985236
-0.27607907844684393
-0.16270646825733595
-0.15657272461513724
-0.02335206713769703
-0.09123237507191222
-0.17773134817008748
0.026647758645947858
-0.08428450451040428
0.023707234969201754
-0.0571315836493341
0.03636145846952955
-0.0994858662372503
-0.11624147303286785
0.16084084173242424
-0.3750168800797671
0.021011108932726945
-9.928654379863042E-4
0.15572417962329957
-0.10279025843851565
0.01631302551142593
0.04975142700129702
0.05583246712128417
-0.1625370809855164
0.042350862639453105
0.022220623481327292
0.0863786960655219
-0.10829949634713691
0.06336698972470924
-0.06590226212153126
0.11796112711119819
0.10132282593304397
0.24895704919564263
0.02903391818394608
-0.016927696221037052
-0.17889647834574676
-0.046895074889649016
-0.10675610167805227
-0.108029201600248
0.15981725150279485
0.00630371552371984
-0.08300111917560496
-0.16507346122434738
-0.14638189641557944
-0.012190648012456118
0.03267917871668002
0.08681816030637556
-0.06513680702146482
0.12524284120170132
-0.081712890630084
0.07609875363687413
0.0011156098842384772
0.12364585837745921
0.1387891517987565
-0.0400932288711403
0.11043054761012756
0.07677523657135674
0.0728235950005611
-0.06830006357188355
-0.057215393482337985
-0.043804692900976806
-0.31079651819463433
-0.17365624110292752
-0.14788052140717262
-0.03165283581769385
-0.09193309825655209
-0.16936588995948737
0.02121009417718163
-0.09863247159410557
0.017248966598486595
-0.06808563060468273
0.03423802129002005
-0.09469327854823338
-0.1254114733908317
0.16406243519612
-0.4072083017870941
0.01858331393690172
-0.017941121764518723
0.15926024172244757
-0.11254069980213162
0.0350052785361897
0.055651932456397525
0.07637730410047654
-0.13382617169762984
0.04202338169195135
0.025969084703893544
0.10960954431754136
-0.11393395476334278
0.08398049647067565
-0.06751789709508424
0.13163812965556565
0.11588009415372116
0.24091695652481965
0.021154168635657642
-0.026027321139334095
-0.1872275098858847
-0.0518324971276725
-0.08777966964408465
-0.11250364659662594
0.15332002916523274
-2.711283524452684E-4
-0.1098193208861978
-0.16874236271838827
-0.1538485487470369
-0.01961722869502506
0.024673525146193462
0.10017882114628705
-0.05142209334695244
0.1393037383810423
-0.0775576478758301
0.07940595213014462
0.016330777003770745
0.11132506736380655
0.12132570072986974
-0.06461789243250483
0.09489301930710607
0.06820074579244488
0.0719564062586066
-0.06127220358295267
-0.08623809994098124
-0.02337665587895998
-0.3503309510169588
-0.1906132154052253
-0.13430905761640746
-0.0426760770859889
-0.09281088652449673
-0.15692357247498767
0.01468745907413973
-0.10958732404065308
0.0063612475882716575
-0.07769018908462753
0.027359291432253158
-0.0873185392308232
-0.13300918155657923
0.16164789995091647
-0.4320906695293688
0.011637582982429024
-0.03865030711233223
0.1629169534606624
-0.12322683277497617
0.052307247921859576
0.057074355993123195
0.1000729830645216
-0.10013382377740024
0.042157704203048776
0.026500456460657587
0.1354259773248388
-0.12133451044473705
0.10378839681551594
-0.06882838912072202
0.14640058097742523
0.13003161219853318
0.22239085948753376
0.008870376762223898
-0.03299652149463178
-0.19424046040061577
-0.05944067625602734
-0.06565355934430561
-0.11766089982889494
0.14230733784475913
-0.011173746677619034
-0.13652355451062478
-0.16703648208329624
-0.1607858863035435
-0.03039058205320405
0.012254719377897143
0.11287828917511691
-0.03537396577011875
0.15475398464710363
-0.07491416659945883
0.08338816041252435
0.03471922562053737
0.092314336095843
0.09795686135403739
-0.09398224376806771
0.07298848880241703
0.05652515635217312
0.06721618700399061
-0.04878938277648052
-0.11960330709494525
-0.007256233160750238
-0.3957493229343982
-0.2147480301586963
-0.1132904523072434
-0.05649124982956253
-0.0932221353833442
-0.1381425331322472
0.008708261178021625
-0.1160778219554844
-0.009161169843111777
-0.0851010254850621
0.015418349694791134
-0.07528852300194691
-0.1376721772815127
0.1530968196672802
-0.4491305740102397
-1.253703710539613E-4
-0.0631667039648856
0.16839938486840222
-0.1340647140573321
0.06689814425307247
0.053333545914005374
0.1269255947410166
-0.06146361974565898
0.044053053409449254
0.024528315171780817
0.16704130185563984
-0.13048718005756318
0.12238677537723051
-0.0686555501495039
0.1628424616472054
0.14372239283793112
0.1914613647702895
-0.00801087253124124
-0.03713207742762421
-0.200054868504802
-0.06960121486245893
-0.04064126248361389
-0.12240029966461799
0.12688078565048055
-0.026583301318368675
-0.161984922304301
-0.15839809533255234
-0.16549468657376
-0.04370472594550593
-0.004769912518730342
0.12463472166753267
-0.01376073134074159
0.17138207236619674
-0.07390196784676217
0.08960294159718248
0.05836608364865389
0.06665517667944242
0.06948052401865423
-0.12796805632515817
0.0450557216911929
0.042563619654818224
0.05872925415830009
-0.03079251193588945
-0.15743680562163084
1.5629423102976305E-4
-0.4467832546226543
-0.24564393512207722
-0.08173588866810351
-0.07246314186462985
-0.09243609424730558
-0.11045709594481512
0.005993466445459426
-0.1179138997436609
-0.02927009427451457
-0.08960533409403348
-0.0016402292514522167
-0.055997612399913244
-0.13697275229679787
0.13817187975010709
-0.4577141304828038
-0.016753569818491697
-0.09133182755556887
0.17754768117523495
-0.14380544051056893
0.07736492160210715
0.04403323566767938
0.1563868717164496
-0.01849774538217794
0.048770974652223714
0.02114708730139797
0.20973909207314423
-0.13959693364254905
0.14008995110237946
-0.06512527006249402
0.18127880295470467
0.156965544936061
0.14645536763382952
-0.029426214252529934
-0.03820797254735326
-0.20547372444354792
-0.0811721203538755
-0.012616561472509719
-0.124096122321948
0.10844437075139697
-0.046421012685092786
-0.18502818697824583
-0.14107846478522795
-0.16421158864192542
-0.05799616005871765
-0.02633399048823723
0.13587474979561645
0.016138084428325882
0.18821432791791406
-0.07395780841898351
0.09886126206069956
0.08932449043187819
0.034902010477526065
0.03816440683505757
-0.1650913207587165
0.012927282598727318
0.02821628159909522
0.050089158003757545
-0.007160815210750212
-0.1991705059489465
-0.004522675580812184
-0.49752278299483677
-0.27758901312357437
-0.0386417309338057
-0.08856580095186871
-0.0891382416864032
-0.0743082922204437
0.008415196303346311
-0.1176584758468437
-0.05338742872030671
-0.09163114457484131
-0.02334165696157441
-0.028484813721588075
-0.1285882660555571
0.11717876139914965
-0.45543916841589466
-0.037763476532811265
-0.12248546450589455
0.18972888487615852
-0.15133785511072745
0.08537660493485695
0.02940088185349718
0.18601975644096558
0.025259420047510594
0.05393157799473246
0.015858767965674873
0.2676551840384867
-0.143097758961822
0.15794383611625962
-0.05765476041503353
0.19964047713625585
0.16884988331389048
0.08710577336387111
-0.05477901455522801
-0.038442273532233354
-0.21181311551674376
-0.0903211452851468
0.018139532432127632
-0.11957394049507974
0.0909226071615486
-0.07008669418898579
-0.20694789078640435
-0.11565829216274852
-0.1516016604939647
-0.07100366362006746
-0.05183604562898009
0.147738481680498
0.05194823028139629
0.20293264485358292
-0.07109155139183396
0.10908028080607256
0.12568867077990856
1.0368814886040443E-4
0.007666970544372246
-0.20191919962992033
-0.01966536479581655
0.01563239615843283
0.04837558775583045
0.021473629098519447
-0.24161305765397592
-0.01582314624629379
-0.5349617989372765
-0.29867914755965225
0.009142782344329053
-0.10220387442936774
-0.08004834679362509
-0.03785212046308835
0.012895809994950469
-0.12003630268428146
-0.07925535151720932
-0.09337730429611765
-0.04753066417551326
0.0026673421601589946
-0.11438991998849735
0.09211288627663153
-0.439569440946967
-0.060989408962659364
-0.15431508711097552
0.19885897854393703
-0.15682281378873617
0.09835745566003337
0.011458112945883833
0.21126045588128517
0.06302512862685086
0.05259050046625025
0.005826590412456652
0.3326672361732353
-0.13603676866203807
0.1755351741897996
-0.050018227893968835
0.21243679254846912
0.17701767528647006
0.019605579989068856
-0.08179736997528395
-0.04263220895791618
-0.21800302495457488
-0.0925554978688714
0.048128929454412224
-0.10887008411524642
0.07806530749921872
-0.09532480067374231
-0.2324490335852581
-0.09013751503543323
-0.1287854046176835
-0.08093648604490383
-0.07900196762501462
0.15997501752478635
0.08632811884564393
0.21207055630426194
-0.06250578909834884
0.11623293864659831
0.15949443372089817
-0.03284556049415919
-0.019977042443440427
-0.2348329593954161
-0.04962847754607515
0.004659980572761049
0.054197947086616405
0.049687037923003455
-0.27969325665945116
-0.02147330165922373
-0.5534869644758851
-0.302828419657323
0.05064205960797036
-0.11293351044780162
-0.06460764009338302
-0.008952349038678968
0.014502007575363057
-0.12574592734201226
-0.10335352751678684
-0.09644285808253403
-0.07078871414319936
0.030791216760946507
-0.10001547476858513
0.06623688525647373
-0.41272524204970595
-0.08300006437638892
-0.18331010925978036
0.19897147655554326
-0.1610648745825
0.11930163614077013
-0.006405349667304895
0.23001470710340435
0.09196856454825836
0.04307841369647198
-0.008375824706116813
0.38687474491035606
-0.12264085275123975
0.1898923712673964
-0.04563174435453353
0.21709550951776116
0.18080466578603582
-0.04361727572989521
-0.10695676090952384
-0.05137399856235426
-0.22080183825730385
-0.0906314201400621
0.07279170378744881
-0.09516088428460713
0.067699716036928
-0.11863391825837105
-0.2608186544382433
-0.0734420999196728
-0.1061481907975379
-0.08839538481064543
-0.10431094918442783
0.16988107080732548
0.11484637986012479
0.21374528817185867
-0.05109410487896758
0.11839576159240134
0.1854011316376179
-0.0619992869759436
-0.045008303388837094
-0.2622620226104174
-0.07634628504266981
-0.005826696387289408
0.06275052956548552
0.0721311651245772
-0.3107548014611555
-0.017809878078706053
-0.5566804801099445
-0.2941821192257608
0.08202758391130811
-0.12129638869628931
-0.04660959739686956
0.013225582779460973
0.012243854838042178
-0.13175195253559427
-0.12380941978516614
-0.10013950974523175
-0.09134256670182521
0.0540423632769827
-0.08791831107427528
0.04116914323980398
-0.37900201477840456
-0.10200324302354594
-0.20758590563738863
0.18978465111488954
-0.16386347959001485
0.143282233437199
-0.02235790484389114
0.24363979420733065
0.11487878167182074
0.029904295383885005
-0.02362132730744607
0.42294648935251733
-0.10834593059949421
0.19914289228995025
-0.04338993057564087
0.21583945006334507
0.18167431664005892
-0.09649168219843388
-0.1283779512171692
-0.06090564722046636
-0.21970665646162774
-0.08954978486241937
0.09149691306533048
-0.08115510915277782
0.05610063037803048
-0.13814887983344193
-0.2861357657285413
-0.06490577856883338
-0.08925996032427498
-0.09435920898203301
-0.125887857406619
0.17575677735313075
0.13713731087492784
0.2084120559840676
-0.039618788720881266
0.11558707349662126
0.20313224795950421
-0.08825288154794075
-0.06805299421873938
-0.28373947738340743
-0.10007945864519097
-0.016227790507743
0.07107536859229929
0.08827578503591314
-0.33438287621800117
-0.00736803795633794
-0.5464810772029959
-0.27796771354702554
0.10429319874428207
-0.1271484651720046
-0.02811978695148233
0.03173932889531797
0.006959161469159008
-0.13585151285562713
-0.14038937527401982
-0.1028171082143695
-0.10905251861159997
0.07315435158428923
-0.07761375545385986
0.016894762485360093
-0.3397480265260613
-0.11783265891709507
-0.2268357412614318
0.172826476793821
-0.16435326637248904
0.16564837148890585
-0.03613835673333567
0.25355539782161646
0.13477931889099556
0.01627788512654505
-0.038605390752931776
0.442047877274455
-0.09432734249785761
0.2034823979156365
-0.041542167582113265
0.21089963698039818
0.18062537561862174
-0.13948565188461456
-0.14581161355901268
-0.0684132899654659
-0.2151482371727919
-0.09046232733410615
0.10604378191518653
-0.06816135021030062
0.04192316393867666
-0.15362622350408678
-0.3047670375586268
-0.05995041380128319
-0.07764692304427435
-0.09873219410757057
-0.14348503839744686
0.1778884765770317
0.15371215177539826
0.19715041185824753
-0.028968129137304434
0.10790007457367848
0.213520917610398
-0.11301587687124562
-0.08947287251880304
-0.2984271677149426
-0.12056475397861295
-0.02656494687305868
0.07782508385408214
0.0996680481394213
-0.35030900604649257
0.007576602731646709
-0.5219918800012564
-0.25743563365813477
0.11799229198778713
-0.1299679908159471
-0.00917514251357016
0.048063173644088665
-5.802092416370086E-4
-0.13732006983364264
-0.15300103169544124
-0.10287123150891779
-0.12390996250239195
0.08815588121637544
-0.0685691229171434
-0.006728453000066341
-0.2954673633710357
-0.13044805012657795
-0.24087107538417046
0.1488285468607398
-0.16156180541810525
0.1832699663230707
-0.04758078550901393
0.26032531161172984
0.1533753495569974
0.0033252027678069593
-0.05313896359765526
0.4457918143203888
-0.08047974569533171
0.2035178649433546
-0.03931266634485046
0.2033643519378581
0.17792223836397647
-0.17375792358737377
-0.15914537675719914
-0.07244321395356111
-0.2067650024084322
-0.09289488093146929
0.11822920880271831
-0.056852376219312564
0.02479518850157976
-0.16495868325545082
-0.3151104017763842
-0.05468272728795236
-0.06995548355157223
-0.10105204310879982
-0.15699163367992577
0.17696856604669106
0.16470019981207604
0.18102139472999404
-0.019182978510076606
0.09506028083585395
0.21686208415261146
-0.13728347806093388
-0.1092046451252063
-0.3045357676811667
-0.1365378319902563
-0.03673225586627701
0.08176943980176876
0.10808384360078897
-0.35758481883355475
0.025694191746108614
-0.4810224781328298
-0.2349237081605007
0.12202122579661907
-0.1290790426678274
0.010619604071119094
0.06241540785146903
-0.009682577697425867
-0.13632846160359438
-0.16104599134054087
-0.09875180428755823
-0.1353811450414536
0.0975757726656478
-0.060979218758225505
-0.029301248491206987
-0.24751935313518483
-0.1392837310297342
-0.24899105375668543
0.11798637664981317
-0.1544065261490795
0.1929887071154894
-0.05598572235454044
0.26394890023846473
0.17137483624747638
-0.008643575621077142
-0.06697481776508363
0.43464420276837423
-0.06702136176017742
0.19959515529809393
-0.03647733598307019
0.19371417894990187
0.173482660522236
-0.19942089273493657
-0.16776162311348594
-0.07203230474894909
-0.19364033709731074
-0.09614467440040407
0.1294336933284619
-0.047888422244950636
0.00450234674469169
-0.17153763330045688
-0.3159612371307171
-0.04592078568003298
-0.06532495649297994
-0.10075218944101745
-0.1657933003681508
0.17342477570884132
0.16982817247080081
0.16118925088390787
-0.010068662490160888
0.07663557820104414
0.2129086750176946
-0.1613573593100977
-0.12660689679449988
-0.2992359653457789
-0.14560755926847208
-0.046506055431597505
0.0813235655722718
0.11524364944695052
-0.35446773030766204
0.04590005684545885
-0.4209077015825568
-0.21260333277168778
0.11390959260961105
-0.12369472465727226
0.031494330860492366
0.07443559668440557
-0.019508203754033556
-0.13361318802356037
-0.16331070562161695
-0.08882326849479807
-0.14228427558759874
0.09864565658105094
-0.055671369916528234
-0.04973488155880437
-0.19859179848643935
-0.1431329883386402
-0.24987335972146846
0.08065231390693918
-0.14162664478570014
0.19105715280503313
-0.06002904438629969
0.2640651962696258
0.18862295395728385
-0.019512098182190577
-0.07941320855254697
0.40831157848406197
-0.0546608530655778
0.19176099378005682
-0.03300967402569724
0.18214442990062876
0.16700445195670818
-0.2155443344265438
-0.17043284732118136
-0.06637740467555182
-0.17473927437763778
-0.09935209012046331
0.14073241874528364
-0.04208324724368276
-0.01891229538099935
-0.17215039326601536
-0.306056097494848
-0.030858979273657876
-0.06324776941634475
-0.09711442629759853
-0.1686681754570232
0.16736352927635997
0.16869237577204294
0.1389870316195915
-0.0014105526742285955
0.052489015449701144
0.20115999247367078
-0.18449326297657218
-0.14021742044682092
-0.2788839882958251
-0.14436973703292882
-0.055404281723418033
0.0749255013068801
0.1226179331415373
-0.33851516459823294
0.06711440075695449
-0.33922806556813423
-0.192331947559229
0.09062852957819979
-0.11290884073062153
0.053421909514607284
0.08360653385210856
-0.028895365540182474
-0.1303034432899706
-0.15800949407688822
-0.07157247923929598
-0.14281452561629351
0.08799560642637748
-0.05379638843471237
-0.06623600426221544
-0.15255482028977446
-0.14018298850400832
-0.2416070124287154
0.03784164299824897
-0.12196140051125062
0.17367758319444862
-0.057826540461149205
0.2599293313857548
0.2039196939341993
-0.029093639652791176
-0.08918361932443747
0.36634859582365675
-0.04436630462954906
0.17994775231244386
-0.028989393027910402
0.1685619207635121
0.1579048519310488
-0.22024668845186263
-0.16536866253450047
-0.05494279101391434
-0.14930793959766459
-0.10133642079979548
0.1527865409607843
-0.04024373504864428
-0.044668053251315065
-0.16502714161601842
-0.2843357681185093
-0.007469303370972128
-0.06322749686526967
-0.0891267504556027
-0.1638327607405249
0.15873284209670693
0.16096363906887157
0.11533222617362549
0.007068277482097685
0.02357434737166121
0.18085567298646477
-0.2042878268060867
-0.14742750664588003
-0.23965934944568806
-0.12890160259705405
-0.0623115969160489
0.06211458117708062
0.13058228583991763
-0.30681358211511767
0.08859760105966008
-0.23527585323217826
-0.1748855622351321
0.04994838115446046
-0.09557147168303645
0.07608639771395014
0.08928343006084306
-0.036088204308894374
-0.1279950325867707
-0.14288764041247345
-0.04668423740585058
-0.13462755942071644
0.06279151674615205
-0.056429583740763956
-0.07633728590864736
-0.11411322789075622
-0.1281095860854418
-0.22175579324237069
-0.008763915108663055
-0.09500832861046836
0.13840710675326373
-0.04705846931719204
0.24994053664051744
0.21444368720489748
-0.03687321925971432
-0.09437628943330853
0.3091820085467523
-0.037178768892727455
0.1644677331511199
-0.02486553399718373
0.15201961080144538
0.1449089524169338
-0.21079088249968098
-0.15032097939750727
-0.03821942780013757
-0.11721306737621592
-0.1005176575977014
0.16533946193492163
-0.04274506823317016
-0.07046898442495465
-0.14794250013003757
-0.25098907879144516
0.024124554830915104
-0.0643309498869947
-0.07522431918021047
-0.14904335576073055
0.1477924286132295
0.1459180480472882
0.08911458736842658
0.016130386386705258
-0.007194234295131572
0.15017692344184694
-0.2162066701689488
-0.14449286804336278
-0.17880803635927964
-0.0957971779432992
-0.06508364030297842
0.04480621987109613
0.13686848676205596
-0.2565671294407266
0.11030760513217651
-0.11239931404970245
-0.1591575341406955
-0.008384126834234404
-0.07018966267757291
0.09883325883098212
0.08966589215292768
-0.038509595904283364
-0.12947288842767687
-0.11556964630464837
-0.01726288902466194
-0.1151718231195661
0.021869935997639117
-0.06456426670425817
-0.077176133799421
-0.0884766797560519
-0.10441926228987125
-0.18763146180168977
-0.057950418968168105
-0.06304952285987958
0.08593044407037821
-0.025320905993376303
0.23054560733746177
0.21465919592091062
-0.04206042018500733
-0.09275263458416604
0.23930604040276962
-0.03461355173915935
0.14662077805120424
-0.022470118684204524
0.12927176627083636
0.1251001871966413
-0.18433812079100811
-0.1229306863692486
-0.019478710513207206
-0.07916409700037982
-0.09510408294867609
0.17623925838832297
-0.049384780007562676
-0.0918955008451914
-0.11855225541002568
-0.2095315776135206
0.05950571498780646
-0.06496277421860391
-0.05318885140374251
-0.1219363466840148
0.1356947730824487
0.11990127747790962
0.05545019521625509
0.0269274710587998
-0.03604624574064778
0.10410484936988892
-0.21469190327670287
-0.12821156527137498
-0.09695171456892869
-0.04410838332020123
-0.06147232096302206
0.026877294121512667
0.13554605573030992
-0.18678827453512706
0.13149311698606578
0.020630676252872314
-0.14258604784227147
-0.08426654427922435
-0.03596674958076317
0.12038203873232685
0.07936269063968578
-0.033715976157046745
-0.13952285225558125
-0.07495357762478232
0.008203745615768318
-0.08307748844993419
-0.0343215830572738
-0.08110390748882505
-0.06685506000075118
-0.08064324524692355
-0.06784311698880674
-0.13771430602460738
-0.11150523137211467
-0.03271961187251221
0.020487179855803103
0.008517797194566983
0.19544927749592084
0.19557761149344532
-0.045420616920882624
-0.0836940260901598
0.15950453143729368
-0.03980396700558182
0.12762083524979057
-0.027037487077133698
0.0933249543704236
0.09333596668016858
-0.14065577786219896
-0.08212259006448801
-0.006548161181093966
-0.03760259672365088
-0.08377282575069943
0.17992675780567566
-0.06124104415368111
-0.10409719730037308
-0.07577284332295404
-0.16861607263849482
0.08890557649929198
-0.06463010276769558
-0.021489636209326066
-0.08141968476496027
0.12338154964780591
0.07605833726607387
0.009154077804301046
0.036909319907377114
-0.06347181869494917
0.03578763090601563
-0.19777349285896575
-0.10052031231604051
-0.0019266138145156368
0.020130400713818455
-0.05281992211461393
0.009286240861808846
0.12119990212955278
-0.10230442173726846
0.1459847595551463
0.15271640523423438
-0.12179132809084266
-0.17818701394525302
0.0037629082740503954
0.1379421193484368
0.05321422516560356
-0.02160764424644083
-0.16068868085789476
-0.024586701775473417
0.020141752043405247
-0.04154383253945465
-0.10210495534930748
-0.11103017846888429
-0.04785639610193209
-0.09075104838971892
-0.02172408012063494
-0.07538688408984143
-0.1734481524083095
-0.01162503636949144
-0.051028900202237534
0.0510078843619576
0.140041962241638
0.15097330765736613
-0.05148507913562731
-0.07078891105062274
0.06782421980480938
-0.05416644115655795
0.10459740940005571
-0.04508916145434927
0.037883265535972384
0.046706861557444884
-0.08719093071089404
-0.0315010954018935
-0.007923779411258375
9.272338540031218E-4
-0.06787724516548276
0.16856042306528696
-0.08073837315786994
-0.10833626388396465
-0.023170691914591375
-0.13686446958443693
0.10181989919285586
-0.06608589523852562
0.01632090417892022
-0.03108064178404831
0.10757534326676123
0.026788274684580064
-0.036851387199976625
0.04180519385265682
-0.09118508574721883
-0.03504490014405585
-0.17309168885346696
-0.07040373637065134
0.09048698758330634
0.07935790513799433
-0.0436158675295564
-0.010136993389979481
0.10439098140711515
-0.016644160060550334
0.14979911262411147
0.2798723641366531
-0.09184036916050223
-0.2695641322078594
0.04244599507852798
0.14902842798752644
0.03171495845868343
-0.005530335902799464
-0.17635255648014733
0.025713993676148166
0.028638540058683035
1.179383217452818E-5
-0.16446017912562408
-0.13817685341525296
-0.028781395159607516
-0.09555477397014599
0.024346859462969852
-0.010891496652727716
-0.23096767741480653
0.008880109819202474
-0.1148964088628802
0.092545626712274
0.08157623960899603
0.10448231432920682
-0.05777898803658998
-0.055073296135788895
-0.025184524796853465
-0.0601187711044223
0.07823116019473965
-0.060996914671093715
-0.02001888854072805
0.002634460710728065
-0.03689406323801097
0.019017551644934922
-0.010923517862675711
0.03356485190649148
-0.04839483919166949
0.15241815615765977
-0.09469640996833549
-0.11271317056613528
0.029385696513051306
-0.10140603507767593
0.10803889744485262
-0.06459966991391919
0.05199266291132122
0.019166375054324548
0.088478650324385
-0.009206244731516598
-0.07103168059512661
0.04664437420254502
-0.11487697209264974
-0.08535424704366561
-0.15188395718912012
-0.04694280711564778
0.16594819957489118
0.12027771828835589
-0.036546233547824186
-0.026317862061672807
0.09392928814190385
0.05761731211970112
0.1514512143077677
0.39369483158799473
-0.056836736464536235
-0.33198125843185494
0.07565461169554148
0.15798697055987965
0.027773460628485583
0.0077463343488024475
-0.1732938520278791
0.06619858324508285
0.04402906678780108
0.0322510837783224
-0.20497511830930562
-0.1455320597981276
-0.018176022006812575
-0.07363162204292217
0.06085662996856572
0.04486354548071993
-0.2715631336615473
0.035238419811119186
-0.16067192166696964
0.12369989909344017
0.0375338138700476
0.07875330664676143
-0.059713033608563476
-0.0397600532274159
-0.10151683748983177
-0.050425107068327736
0.05485521841408111
-0.06134566018424922
-0.06379528917325365
-0.025742029284443184
7.74696638393966E-4
0.0595723104799242
-0.00221315572373328
0.06521240009120129
-0.028147528878912243
0.14511147952656325
-0.09452297940390474
-0.1198182292817202
0.07205601406313217
-0.05562796963600938
0.12238688382586974
-0.054790108731353364
0.08040690901464874
0.05944909712548663
0.0718196632154047
-0.03193037300713453
-0.09934612184202089
0.05399666735942004
-0.13354498777092183
-0.12025790672321879
-0.13907690593662134
-0.03466057062785541
0.21731457436544005
0.14004227317161383
-0.03401373783477385
-0.03640235244684308
0.0861261648705343
0.11380576710503473
0.15523643518492536
0.4832006072669597
-0.022498969997504954
-0.36332024786936257
0.0998427660562804
0.16646956670739368
0.030069932290567484
0.013572975424252124
-0.1583758342562136
0.09185329104326884
0.05862773071710019
0.05054015633201751
-0.22431511278134136
-0.13943520320878625
-0.020013006330296887
-0.029460357113394602
0.08302876602585721
0.08541421638189343
-0.30157754858062774
0.05919546843353386
-0.1873529735982914
0.13983096399195885
0.004324781742064366
0.06751590239259996
-0.06217225254147299
-0.03153516074095178
-0.16093079530161478
-0.03600711940531872
0.033841633475729736
-0.05560762644672328
-0.09869626733524206
-0.04530764076032805
0.01923271023511302
0.08507887548624873
0.01047609803318954
0.09501614371084788
-0.012857174929837331
0.1413663830698722
-0.08621403954236403
-0.13000938040383625
0.09974384485307211
-0.012552006130167302
0.1386026454756185
-0.041025889308892026
0.09899193140411984
0.08467612239304766
0.05639995488468465
-0.04286343157639163
-0.12467246253790713
0.06415892933363708
-0.1468364071654253
-0.14329992840430453
-0.13462469493575333
-0.03362843354479629
0.2441643027101126
0.14050892300564982
-0.0363404280010346
-0.039671767209624814
0.0792419673517693
0.15015359563276
0.16310523121438697
0.546330068254817
0.011334534112217243
-0.3668376357904963
0.11425943045635288
0.174031566217671
0.033873726381653785
0.011155885908643208
-0.13775563735175503
0.1025193039321117
0.06789976962265172
0.0550301160217164
-0.22553590725032124
-0.1247303473399139
-0.03366915688875249
0.030839221986191507
0.09092328301305434
0.10957314179772316
-0.3247421314971836
0.07699115642330434
-0.19465855158917136
0.14115558479899787
-0.02116468741807557
0.06497195680834647
-0.06797268345041307
-0.03142086689247643
-0.20504779966722644
-0.020755587191344
0.015013573903060209
-0.04927418798317227
-0.12805009972106873
-0.06070758820518831
0.018062893671685464
0.09537201867855849
0.02145694893854041
0.12152335748518515
-0.0028740825264280388
0.13851206440712815
-0.07274980984817828
-0.14201744891919385
0.11226495429836027
0.020836777917068672
0.15106603994086654
-0.025109005726725638
0.10788512589276426
0.0946890555851947
0.041665867969514596
-0.0421148661520166
-0.14564380830210977
0.07786777707640673
-0.15451089682392197
-0.15421420968721153
-0.13652227747695048
-0.041977955641858786
0.25000490767891115
0.12609813314407703
-0.042546859831375065
-0.03592862764644948
0.07426088082898377
0.16846464733083139
0.17555775785563688
0.5859430459041514
0.04707031379291526
-0.34608347868284584
0.12006059117683776
0.18064678130465722
0.039677717545137284
0.0017011632396567319
-0.11452252036636351
0.10078538395905434
0.0714654031986464
0.04852623556802976
-0.20964513292242937
-0.10321066733753713
-0.0560616812606286
0.10276207201023452
0.0873010265497588
0.11946213239314998
-0.3408870171478895
0.08890524762007347
-0.18269289210654108
0.1305867591428157
-0.03985173318141856
0.06854375913215663
-0.07746038291321888
-0.0373829817876827
-0.2350691882581594
-0.0047677994921830925
-0.0012254421252015132
-0.04341700738826536
-0.15239555876457428
-0.07360700616963475
8.396442667203523E-4
0.09306303706312556
0.028887260992681567
0.14491978718352952
0.0036225134520767024
0.13623023043822508
-0.05531843909128476
-0.15373163927138683
0.11221505267570825
0.04281752175276762
0.15819774696288236
-0.006931171067027502
0.10862874853140432
0.09210638865050025
0.027802936425064397
-0.031064507471527177
-0.1596137362582662
0.09483569788722841
-0.15706438626109945
-0.1521850983714934
-0.1419015001203163
-0.05714318450812363
0.2398531619840581
0.10178102359378662
-0.051361807608913804
-0.027621550401381492
0.07332417480889504
0.17241501148795835
0.18895031835637843
0.6048645756908552
0.08520729948232995
-0.3054778782348801
0.11908732713752279
0.18469772871983553
0.05040811724284849
-0.011890786657628409
-0.09004586195298955
0.0904633386946595
0.07042992437768403
0.034963019327576596
-0.17800283649440296
-0.07626272566936801
-0.08313802668379724
0.18064503559155495
0.07608663630627115
0.11883156517696597
-0.3484374161590693
0.09629494001515805
-0.1539543617799798
0.11218328018096159
-0.05247761276175111
0.07678879573881353
-0.08887411411631128
-0.045670084616379156
-0.2517928856149336
0.01226746801498414
-0.014723970594782395
-0.03749279046600098
-0.17179011979705192
-0.08476212774951947
-0.028772955546297083
0.08199257388588208
0.03229285867062867
0.1658107252757107
0.009348124889053393
0.13518735378423724
-0.03487485495689402
-0.16349545034330884
0.10341942618057579
0.05406320660257319
0.16009246358061197
0.013796433330951877
0.10326010102918065
0.08077123371160232
0.01486912317510921
-0.01483853782164407
-0.16598169925119627
0.11206428758973828
-0.15553814702367344
-0.13989927043690986
-0.14639785815402845
-0.07559501282922387
0.21925791501689132
0.072402215171909
-0.06126352555749556
-0.021051479133593218
0.07711508265932189
0.16705166502964539
0.1951172710636999
0.6033473741014002
0.12139803758905218
-0.25184706282774655
0.11357777571933869
0.1824735474266028
0.06893405066651012
-0.024248380131732264
-0.06477030682947378
0.07634514895385713
0.06562419693105787
0.01917729492757248
-0.13657610820448
-0.046885826752309186
-0.11005294477560061
0.25483323206118286
0.0621285692066864
0.11251626315317532
-0.34609201943723383
0.10021773123106772
-0.1163725566438233
0.09090309892734846
-0.06037307477081391
0.08826479803173146
-0.09803592608399277
-0.05079305367781205
-0.2551901507681984
0.02916003681029951
-0.02530322393611819
-0.03065676635798404
-0.18647933683182383
-0.09433600093404576
-0.06819816471855979
0.06698169399844756
0.031750986597245796
0.18390650073518502
0.01748157477136138
0.13699860586862783
-0.012335117042409187
-0.1707948654165749
0.09067541618790187
0.0573408965021479
0.15826641459375645
0.036087532755839334
0.09443803387431521
0.06550459438213994
0.003077018912863338
-5.824041769745439E-4
-0.1676225479053463
0.12544400411412499
-0.1513224616615791
-0.1246821913406957
-0.14486665753324457
-0.09322072540516123
0.1931816547123338
0.04205059249076713
-0.07066518281740639
-0.021266135969753745
0.08234858202486423
0.1578376873301136
0.18903553207804252
0.5816559813239162
0.15045462914619398
-0.1935168833205325
0.10571688080433389
0.1718861400310024
0.09360523912226332
-0.029974954521063607
-0.038881147650532806
0.06311324630169605
0.05683203676455966
0.005839662771337869
-0.09472819004187709
-0.019608791824657076
-0.1321920195216757
0.31523360070397693
0.05011852857753488
0.10514243595505626
-0.33432526066753016
0.10170762149289116
-0.08020961840776396
0.07152134116609876
-0.0650812157736747
0.10123352973286456
-0.10147554781285548
-0.04823356153170503
-0.24677670681227085
0.04342681672151851
-0.0328684284107165
-0.022459188794166574
-0.19687843674476407
-0.1012100268283434
-0.11264351605202427
0.052738522224737246
0.02807738150417735
0.1977356993170099
0.029418341996636312
0.14182430672282229
0.011181137321560114
-0.1761071861893878
0.07865971735419706
0.05707010604695882
0.1548166571321205
0.056684452069824344
0.08499325231993207
0.05101333387607553
-0.0073321212633213236
0.008123928779827688
-0.16787135198875525
0.13362819148146401
-0.14528569005760855
-0.11228522061088389
-0.13431587750634902
-0.10704963988976593
0.16444359693996238
0.012871419288182705
-0.07843071038133143
-0.026940626805437247
0.08414170513950928
0.1483149861775935
0.17397569120728987
0.5430838253151713
0.17286339992926705
-0.13551359745210134
0.09697382047524743
0.15477750034102453
0.11891046209867845
-0.02786878490900365
-0.01272287842819983
0.05326569300272611
0.043454860607512746
-0.0026013055339952455
-0.05774529258085873
0.002522656703036118
-0.1471942418798808
0.35817114724709276
0.04252766320027101
0.09911319143758082
-0.3149993368106352
0.1020585622147197
-0.04883419218654333
0.05657106994726547
-0.06779079080123071
0.11410625698354952
-0.09963009710373974
-0.03750388268970748
-0.23030587460807989
0.054234958833284656
-0.03769790773301187
-0.01307505961498465
-0.20370734315138406
-0.10383532462789208
-0.1549279477630896
0.04178395634912031
0.022032279551638
0.20619810491809126
0.04440667532637908
0.14735919321497218
0.0343815557698558
-0.17944064298557233
0.06986814457756277
0.05602770333001593
0.14903058647438885
0.0726267754254711
0.07677070914508939
0.03981758609086074
-0.016475870012096668
0.011995674805397788
-0.168239698758853
0.13800236017753775
-0.13729852834049483
-0.10356614845543584
-0.11495556959842221
-0.11620699875874471
0.13353787088370409
-0.01514474106751812
-0.08415611257017645
-0.034359702989486075
0.07976723444131302
0.13919544950083204
0.15553356663484053
0.4911254497082497
0.19201473669090688
-0.07805942970787712
0.087862356555866
0.133974069517572
0.14055150083094659
-0.02036614997989471
0.013194092602440055
0.04679423325985374
0.02506646205082269
-0.006228020474976688
-0.025527624939047967
0.019144183781705626
-0.15524059261699047
0.3852249456855997
0.03929314662914705
0.09440002543371655
-0.28980415487560135
0.10202095463150687
-0.01920260622017093
0.04603836475169777
-0.069339400279103
0.12592354968691202
-0.09486434291694706
-0.020642561503939633
-0.20877588545301018
0.062613074978143
-0.04022095681505891
-0.0030971588563499263
-0.2079394492296995
-0.10169567062675658
-0.19080314243971067
0.03412978064221102
0.01353182157626687
0.20944231966692287
0.061558121754231726
0.15129212018043894
0.056770748532112864
-0.18016863871766953
0.06430048722070451
0.053827242447251886
0.1380257760787065
0.08334740240401554
0.07013247613374111
0.03192942652740389
-0.024664829354567624
0.013076122374982955
-0.16894691656200933
0.1402832768730743
-0.12687394351483955
-0.09698222548318067
-0.08864557564882158
-0.12123039996337086
0.0998371464097415
-0.043045316266015085
-0.08796668947412467
-0.04136264545792311
0.0686254412177913
0.12967406380214835
0.13720829477165875
0.42724402334467343
0.21007964740757934
-0.019160954635161483
0.07824687819269231
0.11112678669372744
0.15713133949006036
-0.010515475012461391
0.03849418429617817
0.04255897682941926
0.0014889240483748744
-0.006272839794544228
0.004337740541592531
0.03129312655558691
-0.15766348207388886
0.39916266116473553
0.03919728354551727
0.0899229727586195
-0.259767296288893
0.10162813028652957
0.012558147595366283
0.03875242522445436
-0.07020806955457543
0.13643103440812668
-0.08896348478814681
2.4939288925543955E-4
-0.18350344346434122
0.06981021922827074
-0.040812331176442146
0.006989773676916243
-0.21037812551343554
-0.09506479342271013
-0.2198935557517521
0.028650937741685104
0.0021662247807795656
0.2081115490364155
0.08044519696495682
0.15247945461989543
0.07873671979209926
-0.1778849638423722
0.06082787589536395
0.04884725638608488
0.11956603458201827
0.08968131335563366
0.06444344083436775
0.026224118673892682
-0.032165629654379406
0.013239729143999563
-0.16985361408215371
0.14162853049132393
-0.11371532608751028
-0.09085757672745352
-0.05751664596780868
-0.1231364153366694
0.06266280301332383
-0.07185301647140839
-0.09018047567569057
-0.04726098083438318
0.050860210479213894
0.11872640053515868
0.12077183745368193
0.3516183310754683
0.22780241236122017
0.043130415365946896
0.06775210524799681
0.08685197344781313
0.16897669943103036
-6.170052493764876E-4
0.06277974473596423
0.0393637536578812
-0.02730566029554147
-0.004041473958906857
0.03452668543199858
0.04018763187926467
-0.15586818860668356
0.40220980928529915
0.04094461546488863
0.08459588767351402
-0.22571449600011384
0.10048760586566846
0.049163131686965546
0.0334751661936824
-0.07075558518507062
0.14558163807559946
-0.08289123391131564
0.023635072317040894
-0.15494204862291047
0.0766368511101033
-0.039808564738563604
0.016870594095667612
-0.21175489902387173
-0.08457658891095701
-0.2434561078261267
0.024159695990151147
-0.012536978124492315
0.2027840432019637
0.10084178257973117
0.1503603386364329
0.1008368259322356
-0.17259873240277068
0.05826133868133032
0.039508353594989616
0.09252703264818567
0.09266506036770471
0.058682711186580305
0.02151373235054937
-0.03919541757793279
0.014056053035482345
-0.1708329858861983
0.14280107269098397
-0.0978749196868998
-0.08405069193255735
-0.023433207711035978
-0.12293467804206372
0.021834931551287292
-0.10200347295793857
-0.09112295129109513
-0.051998710093648634
0.026758167699898715
0.10566943741867267
0.10726655069065574
0.26433285988677374
0.24539839786423925
0.10975574255411134
0.05601022846567885
0.061232470023491394
0.17716355976296333
0.007922908986855678
0.0852945455733108
0.036377527434209994
-0.061194747809287915
-4.933474148389655E-4
0.06720960261468889
0.04674001252843761
-0.1509161750590809
0.3957033894624783
0.04358363770607808
0.07775123696689887
-0.18866152484466275
0.09799657209593882
0.09216263428983049
0.029331625533072343
-0.07151740246369215
0.15311151488629218
-0.07718607389426752
0.04846690864419006
-0.12333786127199803
0.08347497425132175
-0.03754221742467687
0.026260794502167357
-0.21296225915478947
-0.07123252466431385
-0.2628785846488634
0.019827272934205126
-0.03117845635019158
0.19397399115884073
0.122612055623468
0.14443747177826194
0.1233852333915311
-0.16454441684085486
0.055770740936612655
0.024476080351237158
0.05648409231030595
0.09320345057794847
0.051793303465971906
0.01696884191955945
-0.04595948317488619
0.01671800458603802
-0.17162947099596262
0.1443362554852813
-0.07977334263394682
-0.07600934520732702
0.012340661862957007
-0.12132801618038822
-0.021983209678927782
-0.1329990852235415
-0.091045931881793
-0.05587284604917074
-0.003098673159978811
0.09044708846643441
0.09722452127004108
0.16626772770920606
0.2630111847437457
0.18018996113029231
0.0428241291942752
0.03403978918238336
0.1832973609864868
0.014655358827940121
0.10501514070528696
0.033357504067003656
-0.09961223076992762
0.003979213956919527
0.103583445281396
0.05136865272866865
-0.14330997277074733
0.38009670849178345
0.046730185849749355
0.06941838316721063
-0.1497146710338835
0.09363244552440765
0.14178344465257625
0.026027509867997227
-0.07322239849210462
0.15856745244961348
-0.07204710555844362
0.0742466934274452
-0.08907823070391503
0.09036851838743129
-0.03435957892370608
0.03494592157517536
-0.21488246222540122
-0.056374375898804265
-0.2790091676652418
0.015407806672066232
-0.054262036443338685
0.18222853450439877
0.14576363473400406
0.13434650551687907
0.1462714997583933
-0.1540454476338657
0.05310759200240829
0.0029665335737947074
0.011778380643321531
0.09206287278910295
0.043066135067058725
0.01234275894504672
-0.05267785408658782
0.02162178830304478
-0.17138154369766967
0.1464711950795797
-0.06024305166007773
-0.0667607976923885
0.049636282647843165
-0.11829522776008769
-0.06695595962948252
-0.16310649390581208
-0.08997268152358544
-0.05952152147318602
-0.03737410731582263
0.07401411144709358
0.09046728770037868
0.06005414056571731
0.2806439244762891
0.25192997609935125
0.02839872783009615
0.005000878519384734
0.18951495228311913
0.02025743553966679
0.12141796531378493
0.030948462311351538
-0.14099069275835727
0.00985025833668227
0.1432070516040421
0.05376431536060675
-0.13270040966801933
0.35513593598410065
0.050868880357577535
0.06070664378018811
-0.10947572715656187
0.08749781219278012
0.19638340292418843
0.0241207309093023
-0.07642399525699468
0.16172912824326938
-0.06719221435686928
0.10123842344731177
-0.053181777249063124
0.09709522571703952
-0.030666229868504452
0.04295395919676537
-0.21781821894532202
-0.04130204626178503
-0.2915321635544251
0.011539358458081754
-0.08155805421506984
0.16806974296626917
0.1705311666526967
0.12038396899518082
0.16858458112524988
-0.14147506628262901
0.05090535624621179
-0.02441820863252311
-0.04004556186047919
0.08967703191643871
0.03282465280348338
0.008272881332625416
-0.059637433180126286
0.028035486333175524
-0.16849662061645385
0.149208772688673
-0.040583208631418725
-0.056991734206652156
0.08976404885349605
-0.11272983682135489
-0.10996383720010316
-0.18930980599120686
-0.08745963194612158
-0.0637257682563172
-0.07389917844143633
0.05867093916061426
0.08628352628499557
-0.04927181940675097
0.29816053755987526
0.320212224501198
0.013559447373009598
-0.02581593396850495
0.19791004775035212
0.026311215675700925
0.13519941398493668
0.030893702299180436
-0.18262369038844856
0.01867577570769372
0.18352648017269624
0.05277267691436991
-0.11767685505365966
0.32026268431199206
0.057569663602466584
0.05402954444075133
-0.06762597528698504
0.08069116995922639
0.2524846780681382
0.02519264466658714
-0.08119044492810326
0.16282707009243866
-0.06199816474493818
0.13049491101328475
-0.01805441095242585
0.1031935123828515
-0.02694480305922113
0.05050731760468842
-0.22125214745614077
-0.026821914129179725
-0.2983933127755717
0.009957558876386226
-0.11175579824220197
0.15208164287030124
0.19740431907586573
0.10392814494062591
0.18834338593387726
-0.12713243182363865
0.05089321475188656
-0.055080374906802176
-0.09635088891964082
0.08580137781412528
0.02301904861912773
0.006494660522478149
-0.06720938444357599
0.03451835741234449
-0.16171139976563245
0.1529227525368396
-0.022304768806289968
-0.04818146211446752
0.13514476867014158
-0.10272401399607632
-0.14715111008136952
-0.20791614187220583
-0.08264051717637202
-0.06912281634289329
-0.11069030672992562
0.047681588437418855
0.0839840977258261
-0.15549232593611514
0.3161329566772469
0.3790070004108823
-4.492190254308932E-4
-0.058339292240526065
0.20930912893295142
0.034586250512483686
0.1474668113727791
0.035639268855930925
-0.2218814340462444
0.03270836494840462
0.22062250793827715
0.046882305451930076
-0.09615668358567434
0.2748938626741808
0.06910168571830307
0.052556640836132464
-0.023643606547417595
0.0746657301900229
0.30617826031603534
0.03143516578892645
-0.08761574863578096
0.16175506680959023
-0.05608748302439143
0.16343385386753648
0.012755101417984176
0.10794274647288936
-0.023736494745548373
0.05763384518028644
-0.22471419989442729
-0.013496264745102647
-0.29624175135210573
0.013103107414884315
-0.1433126080852988
0.13549412432402544
0.2271634568934102
0.08681190023555695
0.20333020496717705
-0.11084780918704812
0.05550488607934393
-0.08536037988488106
-0.15472933429298003
0.07991061792470877
0.016768848688776733
0.00944906733081668
-0.07581800829544035
0.039637279308629994
-0.15141714532817593
0.1590457529818386
-0.006622855277944746
-0.042506321824483786
0.1883015046800836
-0.08647736106660371
-0.1749879775490342
-0.21558047967755153
-0.07475955557202846
-0.07631004280694906
-0.14728643702267444
0.04411791034599763
0.08265712543989392
-0.2538943036839484
0.33685562312820383
0.42279919399465016
-0.012651109126219143
-0.09368440232692786
0.2228467070326633
0.04686971224494203
0.1578980763410804
0.047362015442007695
-0.2579161783164446
0.053940463326488795
0.2506222360315673
0.03497966941303637
-0.06634365208101978
0.2181505852847574
0.08747400777252148
0.0590417071297393
0.022082735244921887
0.0701500616364881
0.3544101598927902
0.04471200255961337
-0.09664456324876766
0.1569165153083443
-0.04975457089290533
0.20124000847216333
0.036709392989872934
0.11047230957723475
-0.02188819554448324
0.06404529715978
-0.22888067897863518
-0.0022927186139845438
-0.282115283589882
0.023152380520965143
-0.17571729961090124
0.12039006046189293
0.2611320000345882
0.069793001192337
0.21238511616383382
-0.09172788036869078
0.06690994817099746
-0.11229276942070592
-0.2141907326206099
0.07252766197699011
0.016900106814856652
0.019312358629435637
-0.0861708209423441
0.04177709741191404
-0.14009711758915167
0.17006914918437896
0.005689653773426071
-0.042945231128584706
0.25124250709372464
-0.06288494181324505
-0.19101218087158398
-0.20988928683937036
-0.06371892387058299
-0.08588664641586952
-0.18506789214373479
0.04998973809648321
0.07976010059042021
-0.342650182803175
0.36403310870527755
0.44718798286872224
-0.022882613278438334
-0.13471649713294515
0.23652048463592729
0.0661053225177157
0.16374888890201994
0.06725884765405907
-0.2923560167079007
0.08340977627270914
0.2696505354425198
0.016344587439772046
-0.02742033410789656
0.1478669648900522
0.11373733070233817
0.07507128990925398
0.06799002090237649
0.06677296738242898
0.39426147144099877
0.06591605001795126
-0.11023683900499097
0.14480498515125842
-0.04398248805162087
0.24444515076370568
0.05541729745571256
0.11007263273068742
-0.023231116027597476
0.06940016607480215
-0.23569729795859404
0.005374415004600589
-0.25498771538313825
0.0413057449798354
-0.2097368827291728
0.10860973761098751
0.3012337040529047
0.05106122443540772
0.21559894841681193
-0.06821304470845344
0.08629928090461576
-0.13414749249471075
-0.27456288703562065
0.0662903678539385
0.024894543531863874
0.03728196852147126
-0.0999316737269294
0.03796691759565886
-0.13298326664759216
0.1882861281237898
0.014470035389609708
-0.05449396949314199
0.32555497492734164
-0.03106747065180985
-0.19389079010070046
-0.18917250636715316
-0.04979344945569888
-0.09664311457449012
-0.22693351395052622
0.0662538965419615
0.06867163561027312
-0.422177963046487
0.40086888245987523
0.44860714367916643
-0.031419294519394854
-0.18390530721426868
0.24716528066668841
0.09882961381203847
0.15927709962513315
0.09552868300766358
-0.32941781886898597
0.12119345193282316
0.27209937303351633
-0.010392160559075839
0.02045386705881056
0.058920754868171735
0.14797467552121668
0.10111128662036357
0.11152382239234217
0.06260798930118511
0.4200820352990707
0.09501357705056629
-0.13125448323971542
0.12002031374882219
-0.039698229724424876
0.2925912061295177
0.07971022621164865
0.10699709648830513
-0.03109759992363224
0.07331750634359561
-0.2479293092695736
0.00771615588049987
-0.2166593799046975
0.0677640245038133
-0.2468025841870096
0.09915790834210485
0.3482514192007987
0.024278816760752848
0.21425152808568274
-0.03739571625475951
0.11385622737230897
-0.1497379090142045
-0.33370762272904986
0.06677807926407531
0.04099420114189792
0.0635492868179316
-0.120240472907409
0.02279045703511538
-0.13841752166652482
0.21173229072311356
0.022492240559427886
-0.08403102992823067
0.4119457261013414
0.011308188218757238
-0.1834549226628032
-0.15243180641699688
-0.031518661636796196
-0.10078806266658508
-0.27665843305543514
0.09282109569124565
0.035054511897955554
-0.49303239928158854
0.44717030788873047
0.42595875070545736
-0.03685296916127102
-0.2343157804525349
0.24950380221551516
0.1560901246367232
0.13478486836378956
0.13144498115373277
-0.3752630258217872
0.16648533150053527
0.2517205742902468
-0.04907668749653496
0.07623530827904339
-0.056752154533690556
0.18937774942576494
0.136570843125562
0.1498800746848603
0.051837288155073644
0.4208114609920609
0.13114954761419445
-0.16315058413590564
0.07620762314200609
-0.03408245010279777
0.3437273755255851
0.13406608629038244
0.10371751959348327
-0.04730771976547376
0.07496941515245238
-0.26851388170888724
8.634025552946224E-4
-0.1726749684470802
0.10179675444064029
-0.288297573511267
0.08446801132163803
0.3962663867995725
-0.02271014011171226
0.21173854147913654
0.0070040718764384415
0.1488257634430657
-0.1592501514088451
-0.38167389167276755
0.08344354907065898
0.065038256950652
0.09736655068465733
-0.14872595169461497
