0.0
-0.06392828497754256
-0.03626807405929132
0.04335252267714112
0.060863016715175175
-0.008823450006518203
-0.06586877493952412
-0.028545511299743403
0.04967421069862325
0.056726901635607896
-0.017491656913595253
-0.06665034489057466
-0.020320708073481113
0.055121911966006895
0.051592712103859274
-0.025852109027295362
-0.06625924359489169
-0.011738374663239138
0.059599777573370524
0.045550780982408064
-0.03375770940731725
-0.06470235223583232
-0.0029495118723380643
0.06302902226831802
0.03870741228082095
-0.04106936394591043
-0.06200706334578412
0.005891245740266763
0.0653493106293541
0.031183010803008893
-0.04765842864194431
-0.05822079885164318
0.014628350558600315
0.06651981862999272
0.02310996369980202
-0.053408973011869386
-0.0534101757155887
0.023108078672951733
0.06651995191204002
0.014630311199604241
-0.058219819814266306
-0.04765983385118429
0.03118123455618393
0.06534970813048151
0.005893247499168766
-0.06200632520030169
-0.041070946936890965
0.03870577606597632
0.06302967699474112
-0.0029475042152373107
-0.0647018679694537
-0.033759442328299395
0.045549313587723385
0.059600678005586286
-0.011736396431414093
-0.06625902172798175
-0.025853961388615298
0.051591439347228776
0.0551230422614721
-0.020318794072686865
-0.0666503893267433
-0.017493596124110927
0.05672584591039064
0.04967555097049418
-0.028543695205630104
-0.06586908489694468
-0.00882544194703013
0.060862196596197876
0.04335404934417017
-0.03626638782490215
-0.06392885500270755
-2.00962355729923E-6
0.0639277148942871
0.03626976026072434
-0.04335099597071842
-0.060863836778847345
0.008821458057988564
0.06586846492224979
0.028547327367917905
-0.04967287038161427
-0.05672795730927844
0.017489717687185224
0.06665030039384204
0.020322622055810303
-0.05512078162045341
-0.051593984813608405
0.02585025664248408
0.06625946540159303
0.011740352884397733
-0.05959887708699752
-0.045552248335701574
0.033755976455660086
0.06470283644341707
0.0029515195267586494
-0.06302836748462158
-0.03870904846049286
0.0410677809176109
0.062007801434921836
-0.005889243976011488
-0.06534891306884495
-0.03118478702149841
0.047657023389397965
0.058221777836115846
-0.014626389904303871
-0.06651968528750006
-0.023111848705652697
0.05340777025961829
0.05341137837077515
-0.023106193625103553
-0.06652008513364183
-0.014632271827313865
0.05821884072398613
0.047661239017116636
-0.031179458281025144
-0.0653501055722268
-0.0058952492527156826
0.062005586998475234
0.04107252989055107
-0.03870413981596043
-0.06303033166389028
0.002945496555458213
0.06470138364428164
0.03376117521860493
-0.04554784615164886
-0.05960157838364397
0.011734418188924397
0.06625879980086342
0.025855813726442203
-0.05159016654371806
-0.05512417250684797
0.020316880053429288
0.06665043370234794
0.017495535318730486
-0.05672479013362763
-0.04967689119722582
0.028541879085579664
0.06586939479451118
0.008827433879522536
-0.060861376421916205
-0.04335557597180417
0.03626470155755837
0.06392942496978152
4.019247112772351E-6
-0.06392714475294167
-0.036271446429199675
0.043349469224903445
0.06086465678721364
-0.008819466101443026
-0.06586815484512197
-0.028549143410151964
0.04967153001946843
0.05672901293140129
-0.017487778444882602
-0.06665025583654549
-0.02032453601967269
0.05511965122481266
0.051595257476475
-0.02584840423418313
-0.0662596871480856
-0.01174233109488808
0.0595979765464681
0.04555371564760256
-0.03375424347332947
-0.06470332059220753
-0.002953527178497242
0.0630277126436524
0.03871068460499056
-0.04106619785199382
-0.06200853946771419
0.005887242206404765
0.06534851544895443
0.03118656321165087
-0.04765561809354655
-0.05822275676768343
0.01462442923671669
0.06651955188456214
0.023113733690502056
-0.05340656745883652
-0.05341258097742763
0.023104308556259185
0.06652021829479803
0.014634232441727407
-0.05821786158080355
-0.04766264413974007
0.031177681977534143
0.06535050295458962
0.005897251000905692
-0.06200484874030541
-0.0410741128068893
0.038702503530774784
0.06303098627576492
-0.0029434888930025957
-0.06470089926031661
-0.033762908078232304
0.04554637867418583
0.05960247870754277
-0.011732439935771843
-0.06625857781353692
-0.025857666040774396
0.051588893693328294
0.0551253027021335
-0.02031496601571013
-0.06665047801738852
-0.017497474497452162
0.05672373430531982
0.04967823137881697
-0.02854006293959373
-0.06586970463222334
-0.008829425803993611
0.06086055619233088
0.043357102560041744
-0.03626301525726151
-0.06392999487876398
-6.0288706645932546E-6
0.06392657455350678
0.0362731325647158
-0.04334794243969758
-0.0608654767402733
0.008817474136883397
0.06586784470814094
0.028550959426443926
-0.04967018961218697
-0.05673006850197552
0.017485839186689153
0.06665021121868506
0.020326449965066537
-0.05511852077908567
-0.05159653009245791
0.025846551802394205
0.06625990883436918
0.01174430929470838
-0.059597075951783055
-0.04555518291810971
0.033752510460326984
0.06470380468220323
0.002955534827552017
-0.06302705774541105
-0.03871232071431254
0.04106461474906062
0.06200927744416049
-0.00588524043144841
-0.06534811776968288
-0.03118833937346466
0.04765421275439133
0.05822373564634505
-0.014622468555840549
-0.06651941842117912
-0.023115618654348375
0.05340536460952516
0.053413783535545066
-0.023102423466420347
-0.0665203513955085
-0.014636193042843084
0.058216882384719434
0.04766404921905331
-0.031175905645712543
-0.06535090027756962
-0.005899252743736975
0.062004110425792895
0.041075695685904225
